""	"input"	"filtered"	"denoised"	"merged"	"tabled"
"Kit-3"	1808	331	292	281	281
"tnt1"	6886	2987	2840	2753	2688
"tnt10"	31615	28443	27751	24921	24402
"tnt11"	13534	10814	10677	10360	9953
"tnt12"	42997	37855	37315	36510	34400
"tnt13"	83206	78863	77904	72708	62898
"tnt14"	62701	57531	55298	49897	48284
"tnt15"	40419	35876	35173	33508	32391
"tnt16"	48484	42114	41104	38859	37243
"tnt17"	6563	2371	2135	1888	1888
"tnt18"	36493	32657	32178	30851	30708
"tnt19"	12557	7768	7436	6757	6678
"tnt2"	32070	23965	22974	22369	22274
"tnt20"	10875	5846	5670	5365	5234
"tnt21"	28923	20548	19667	17501	15977
"tnt22"	71489	64904	62383	56468	55602
"tnt23"	90958	85977	84511	73754	65350
"tnt24"	64856	60467	59452	52390	44897
"tnt25"	20644	12742	12424	11746	11644
"tnt26"	43084	39380	38583	36613	35728
"tnt27"	38543	33408	31939	27965	27027
"tnt28"	9128	4328	4081	3893	3851
"tnt29"	12542	6848	6650	6091	5965
"tnt3"	72539	69222	67545	60160	56574
"tnt30"	41516	36170	34936	32461	31853
"tnt31"	59908	56947	56459	53509	42868
"tnt32"	53131	47729	46352	43160	41076
"tnt33"	61206	53138	51955	47638	45640
"tnt34"	43335	40586	38923	34165	32581
"tnt35"	42745	37578	37094	35154	34261
"TNT36"	37939	34051	33646	32510	32176
"TNT37"	31683	27765	27410	25855	23801
"TNT38"	13053	7614	7441	7241	6936
"TNT39"	23043	16173	15905	15094	14775
"tnt4"	57978	54299	52599	46327	45354
"TNT40"	10105	5697	5483	5234	5234
"TNT41"	45204	40342	39983	38615	38378
"TNT42"	48400	44176	43034	39822	39310
"TNT43"	34550	31146	30827	28845	28712
"TNT44"	34288	29988	29754	29152	28945
"TNT45"	15119	8911	8700	8263	8251
"TNT46"	36052	30292	29253	25972	25130
"TNT47"	9842	3913	3743	3634	3634
"TNT48"	19819	14754	14564	14185	13162
"TNT49"	5172	4806	4757	4581	4581
"tnt5"	18669	15151	14984	14749	14140
"TNT50"	6499	3182	3068	2939	2939
"TNT51"	45670	42024	41665	40462	40024
"TNT52"	43827	41358	41010	40220	39400
"TNT53"	59713	56245	54196	48466	48222
"TNT54"	38100	35182	34847	33951	33840
"TNT55"	80436	75672	75408	74805	74508
"TNT56"	11876	5591	5279	4993	4981
"TNT57"	11978	4861	4561	4350	4257
"TNT58"	19673	11762	11499	11229	11139
"TNT59"	30292	24988	24825	24416	23922
"tnt6"	17865	11514	11319	11102	10719
"TNT60"	22298	18427	18203	17860	16112
"TNT61"	12075	6522	6395	6242	6054
"TNT62"	66506	57960	55790	47498	44770
"TNT63"	141939	136020	134440	122843	101001
"TNT64"	10537	3851	3607	3333	3201
"TNT65"	21028	15721	15518	15060	14524
"TNT66"	76821	68772	68415	65114	55551
"TNT67"	14922	9479	9076	8312	8133
"TNT68"	6695	6144	5943	5619	5470
"TNT69"	20622	11936	11636	11317	10642
"tnt7"	26354	21061	20016	18100	17783
"TNT70"	75517	69702	68717	65126	53093
"TNT71"	66260	62104	61356	53725	44784
"TNT72"	28180	23905	23579	23102	19426
"TNT73"	13884	7194	6998	6753	6732
"TNT74"	18049	12901	12585	11776	11443
"TNT75"	9846	5445	5330	5120	5055
"TNT76"	22866	19273	18811	18047	16160
"TNT77"	12099	5922	5642	5450	5417
"TNT78"	14312	6915	6647	6255	6224
"TNT79"	15379	10296	10029	9652	9104
"tnt8"	57502	51452	50782	49361	47894
"TNT80"	44000	39960	38127	32225	31887
"TNT81"	15814	13492	13274	12964	12907
"TNT82"	14890	11646	11283	10643	10627
"TNT83"	66218	61695	60903	59225	59023
"TNT84"	23759	19608	19142	18309	18117
"TNT85"	53409	46574	44370	37487	36770
"TNT86"	15742	13893	13680	13447	13447
"TNT87"	16555	13579	13224	12397	12372
"TNT88"	28938	23028	21146	17122	17077
"TNT89"	38897	33811	32780	30391	29640
"tnt9"	9295	4450	4251	4087	4087
"TNT90"	30625	27302	26943	25758	25201
"TNT91"	16498	13689	13483	13287	13221
"TNT92"	19193	16020	15476	13922	13887
"TNT93"	5552	3746	3607	3292	3290
"TNT94"	41659	38437	37973	36143	35315
"TNT95"	23211	17920	17097	14353	14269
"TNT96"	28234	24625	24333	23814	23591
