	ASV1	ASV2	ASV3	ASV4	ASV5	ASV6	ASV7	ASV8	ASV9	ASV10	ASV11	ASV12	ASV13	ASV14	ASV15	ASV16	ASV17	ASV18	ASV19	ASV20	ASV21	ASV22	ASV23	ASV24	ASV25	ASV26	ASV27	ASV28	ASV29	ASV30	ASV31	ASV32	ASV33	ASV34	ASV35	ASV36	ASV37	ASV38	ASV39	ASV40	ASV41	ASV42	ASV43	ASV44	ASV45	ASV46	ASV47	ASV48	ASV49	ASV50	ASV51	ASV52	ASV53	ASV54	ASV55	ASV56	ASV57	ASV58	ASV59	ASV60	ASV61	ASV62	ASV63	ASV64	ASV65	ASV66	ASV67	ASV68	ASV69	ASV70	ASV71	ASV72	ASV73	ASV74	ASV75	ASV76	ASV77	ASV78	ASV79	ASV80	ASV81	ASV82	ASV83	ASV84	ASV85	ASV86	ASV87	ASV88	ASV89	ASV90	ASV91	ASV92	ASV93	ASV94	ASV95	ASV96	ASV97	ASV98	ASV99	ASV100	ASV101	ASV102	ASV103	ASV104	ASV105	ASV106	ASV107	ASV108	ASV109	ASV110	ASV111	ASV112	ASV113	ASV114	ASV115	ASV116	ASV117	ASV118	ASV119	ASV120	ASV121	ASV122	ASV123	ASV124	ASV125	ASV126	ASV127	ASV128	ASV129	ASV130	ASV131	ASV132	ASV133	ASV134	ASV135	ASV136	ASV137	ASV138	ASV139	ASV140	ASV141	ASV142	ASV143	ASV144	ASV145	ASV146	ASV147	ASV148	ASV149	ASV150	ASV151	ASV152	ASV153	ASV154	ASV155	ASV156	ASV157	ASV158	ASV159	ASV160	ASV161	ASV162	ASV163	ASV164	ASV165	ASV166	ASV167	ASV168	ASV169	ASV170	ASV171	ASV172	ASV173	ASV174	ASV175	ASV176	ASV177	ASV178	ASV179	ASV180	ASV181	ASV182	ASV183	ASV184	ASV185	ASV186	ASV187	ASV188	ASV189	ASV190	ASV191	ASV192	ASV193	ASV194	ASV195	ASV196	ASV197	ASV198	ASV199	ASV200	ASV201	ASV202	ASV203	ASV204	ASV205	ASV206	ASV207	ASV208	ASV209	ASV210	ASV211	ASV212	ASV213	ASV214	ASV215	ASV216	ASV217	ASV218	ASV219	ASV220	ASV221	ASV222	ASV223	ASV224	ASV225	ASV226	ASV227	ASV228	ASV229	ASV230	ASV231	ASV232	ASV233	ASV234	ASV235	ASV236	ASV237	ASV238	ASV239	ASV240	ASV241	ASV242	ASV243	ASV244	ASV245	ASV246	ASV247	ASV248	ASV249	ASV250	ASV251	ASV252	ASV253	ASV254	ASV255	ASV256	ASV257	ASV258	ASV259	ASV260	ASV261	ASV262	ASV263	ASV264	ASV265	ASV266	ASV267	ASV268	ASV269	ASV270	ASV271	ASV272	ASV273	ASV274	ASV275	ASV276	ASV277	ASV278	ASV279	ASV280	ASV281	ASV282	ASV283	ASV284	ASV285	ASV286	ASV287	ASV288	ASV289	ASV290	ASV291	ASV292	ASV293	ASV294	ASV295	ASV296	ASV297	ASV298	ASV299	ASV300	ASV301	ASV302	ASV303	ASV304	ASV305	ASV306	ASV307	ASV308	ASV309	ASV310	ASV311	ASV312	ASV313	ASV314	ASV315	ASV316	ASV317	ASV318	ASV319	ASV320	ASV321	ASV322	ASV323	ASV324	ASV325	ASV326	ASV327	ASV328	ASV329	ASV330	ASV331	ASV332	ASV333	ASV334	ASV335	ASV336	ASV337	ASV338	ASV339	ASV340	ASV341	ASV342	ASV343	ASV344	ASV345	ASV346	ASV347	ASV348	ASV349	ASV350	ASV351	ASV352	ASV353	ASV354	ASV355	ASV356	ASV357	ASV358	ASV359	ASV360	ASV361	ASV362	ASV363	ASV364	ASV365	ASV366	ASV367	ASV368	ASV369	ASV370	ASV371	ASV372	ASV373	ASV374	ASV375	ASV376	ASV377	ASV378	ASV379	ASV380	ASV381	ASV382	ASV383	ASV384	ASV385	ASV386	ASV387	ASV388	ASV389	ASV390	ASV391	ASV392	ASV393	ASV394	ASV395	ASV396	ASV397	ASV398	ASV399	ASV400	ASV401	ASV402	ASV403	ASV404	ASV405	ASV406	ASV407	ASV408	ASV409	ASV410	ASV411	ASV412	ASV413	ASV414	ASV415	ASV416	ASV417	ASV418	ASV419	ASV420	ASV421	ASV422	ASV423	ASV424	ASV425	ASV426	ASV427	ASV428	ASV429	ASV430	ASV431	ASV432	ASV433	ASV434	ASV435	ASV436	ASV437	ASV438	ASV439	ASV440	ASV441	ASV442	ASV443	ASV444	ASV445	ASV446	ASV447	ASV448	ASV449	ASV450	ASV451	ASV452	ASV453	ASV454	ASV455	ASV456	ASV457	ASV458	ASV459	ASV460	ASV461	ASV462	ASV463	ASV464	ASV465	ASV466	ASV467	ASV468	ASV469	ASV470	ASV471	ASV472	ASV473	ASV474	ASV475	ASV476	ASV477	ASV478	ASV479	ASV480	ASV481	ASV482	ASV483	ASV484	ASV485	ASV486	ASV487	ASV488	ASV489	ASV490	ASV491	ASV492	ASV493	ASV494	ASV495	ASV496	ASV497	ASV498	ASV499	ASV500	ASV501	ASV502	ASV503	ASV504	ASV505	ASV506	ASV507	ASV508	ASV509	ASV510	ASV511	ASV512	ASV513	ASV514	ASV515	ASV516	ASV517	ASV518	ASV519	ASV520	ASV521	ASV522	ASV523	ASV524	ASV525	ASV526	ASV527	ASV528	ASV529	ASV530	ASV531	ASV532	ASV533	ASV534	ASV535	ASV536	ASV537	ASV538	ASV539	ASV540	ASV541	ASV542	ASV543	ASV544	ASV545	ASV546	ASV547	ASV548	ASV549	ASV550	ASV551	ASV552	ASV553	ASV554	ASV555	ASV556	ASV557	ASV558	ASV559	ASV560	ASV561	ASV562	ASV563	ASV564	ASV565	ASV566	ASV567	ASV568	ASV569	ASV570	ASV571	ASV572	ASV573	ASV574	ASV575	ASV576	ASV577	ASV578	ASV579	ASV580	ASV581	ASV582	ASV583	ASV584	ASV585	ASV586	ASV587	ASV588	ASV589	ASV590	ASV591	ASV592	ASV593	ASV594	ASV595	ASV596	ASV597	ASV598	ASV599	ASV600	ASV601	ASV602	ASV603	ASV604	ASV605	ASV606	ASV607	ASV608	ASV609	ASV610	ASV611	ASV612	ASV613	ASV614	ASV615	ASV616	ASV617	ASV618	ASV619	ASV620	ASV621	ASV622	ASV623	ASV624	ASV625	ASV626	ASV627	ASV628	ASV629	ASV630	ASV631	ASV632	ASV633	ASV634	ASV635	ASV636	ASV637	ASV638	ASV639	ASV640	ASV641	ASV642	ASV643	ASV644	ASV645	ASV646	ASV647	ASV648	ASV649	ASV650	ASV651	ASV652	ASV653	ASV654	ASV655	ASV656	ASV657	ASV658	ASV659	ASV660	ASV661	ASV662	ASV663	ASV664	ASV665	ASV666	ASV667	ASV668	ASV669	ASV670	ASV671	ASV672	ASV673	ASV674	ASV675	ASV676	ASV677	ASV678	ASV679	ASV680	ASV681	ASV682	ASV683	ASV684	ASV685	ASV686	ASV687	ASV688	ASV689	ASV690	ASV691	ASV692	ASV693	ASV694	ASV695	ASV696	ASV697	ASV698	ASV699	ASV700	ASV701	ASV702	ASV703	ASV704	ASV705	ASV706	ASV707	ASV708	ASV709	ASV710	ASV711	ASV712	ASV713	ASV714	ASV715	ASV716	ASV717	ASV718	ASV719	ASV720	ASV721	ASV722	ASV723	ASV724	ASV725	ASV726	ASV727	ASV728	ASV729	ASV730	ASV731	ASV732	ASV733	ASV734	ASV735	ASV736	ASV737	ASV738	ASV739	ASV740	ASV741	ASV742	ASV743	ASV744	ASV745	ASV746	ASV747	ASV748	ASV749	ASV750	ASV751	ASV752	ASV753	ASV754	ASV755	ASV756	ASV757	ASV758	ASV759	ASV760	ASV761	ASV762	ASV763	ASV764	ASV765	ASV766	ASV767	ASV768	ASV769	ASV770	ASV771	ASV772	ASV773	ASV774	ASV775	ASV776	ASV777	ASV778	ASV779	ASV780	ASV781	ASV782	ASV783	ASV784	ASV785	ASV786	ASV787	ASV788	ASV789	ASV790	ASV791	ASV792	ASV793	ASV794	ASV795	ASV796	ASV797	ASV798	ASV799	ASV800	ASV801	ASV802	ASV803	ASV804	ASV805	ASV806	ASV807	ASV808	ASV809	ASV810	ASV811	ASV812	ASV813	ASV814	ASV815	ASV816	ASV817	ASV818	ASV819	ASV820	ASV821	ASV822	ASV823	ASV824	ASV825	ASV826	ASV827	ASV828	ASV829	ASV830	ASV831	ASV832	ASV833	ASV834	ASV835	ASV836	ASV837	ASV838	ASV839	ASV840	ASV841	ASV842	ASV843	ASV844	ASV845	ASV846	ASV847	ASV848	ASV849	ASV850	ASV851	ASV852	ASV853	ASV854	ASV855	ASV856	ASV857	ASV858	ASV859	ASV860	ASV861	ASV862	ASV863	ASV864	ASV865	ASV866	ASV867	ASV868	ASV869	ASV870	ASV871	ASV872	ASV873	ASV874	ASV875	ASV876	ASV877	ASV878	ASV879	ASV880	ASV881	ASV882	ASV883	ASV884	ASV885	ASV886	ASV887	ASV888	ASV889	ASV890	ASV891	ASV892	ASV893	ASV894	ASV895	ASV896	ASV897	ASV898	ASV899	ASV900	ASV901	ASV902	ASV903	ASV904	ASV905	ASV906	ASV907	ASV908	ASV909	ASV910	ASV911	ASV912	ASV913	ASV914	ASV915	ASV916	ASV917	ASV918	ASV919	ASV920	ASV921	ASV922	ASV923	ASV924	ASV925	ASV926	ASV927	ASV928	ASV929	ASV930	ASV931	ASV932	ASV933	ASV934	ASV935	ASV936	ASV937	ASV938	ASV939	ASV940	ASV941	ASV942	ASV943	ASV944	ASV945	ASV946	ASV947	ASV948	ASV949	ASV950	ASV951	ASV952	ASV953	ASV954	ASV955	ASV956	ASV957	ASV958	ASV959	ASV960	ASV961	ASV962	ASV963	ASV964	ASV965	ASV966	ASV967	ASV968	ASV969	ASV970	ASV971	ASV972	ASV973	ASV974	ASV975	ASV976	ASV977	ASV978	ASV979	ASV980	ASV981	ASV982	ASV983	ASV984	ASV985	ASV986	ASV987	ASV988	ASV989	ASV990	ASV991	ASV992	ASV993	ASV994	ASV995	ASV996	ASV997	ASV998	ASV999	ASV1000	ASV1001	ASV1002	ASV1003	ASV1004	ASV1005	ASV1006	ASV1007	ASV1008	ASV1009	ASV1010	ASV1011	ASV1012	ASV1013	ASV1014	ASV1015
tnt14	18699	3134	0	0	0	0	0	0	1202	0	5874	0	0	0	0	0	0	0	0	0	0	0	0	0	0	0	0	0	129	0	0	0	0	0	194	117	0	49	2580	0	0	0	0	0	0	16	214	0	0	0	0	7	0	0	0	0	0	96	0	0	0	0	64	0	0	0	0	0	31	177	0	0	590	0	0	0	0	0	0	0	0	0	0	0	0	52	0	38	0	0	0	0	0	0	0	124	0	0	0	0	0	0	0	21	0	0	0	0	5	29	0	0	23	7	0	0	0	0	0	0	0	0	0	0	0	80	0	125	0	0	0	0	0	23	0	0	0	15	0	0	0	0	0	0	0	0	0	0	0	0	5	0	0	0	0	0	0	0	0	0	37	0	0	42	52	62	0	0	27	0	0	0	0	0	0	0	0	102	0	0	29	0	0	0	66	13	0	63	0	0	0	0	0	0	0	0	0	47	0	37	0	0	0	0	0	0	0	0	0	0	0	0	0	0	17	0	0	0	0	0	0	22	0	0	17	0	0	0	0	0	0	30	0	68	0	0	0	0	0	18	0	0	0	0	23	0	0	0	0	0	9	0	0	0	0	37	0	0	84	12	0	0	0	0	0	0	0	0	5	10	114	0	0	0	38	111	0	0	42	0	0	0	51	72	0	0	26	0	12	0	0	10	24	0	0	0	0	0	20	0	54	0	5	0	0	0	0	13	0	0	0	0	0	0	0	0	0	0	0	39	74	0	13	0	0	0	0	0	0	0	0	0	21	0	37	0	0	0	0	0	0	0	0	0	16	0	74	20	0	0	0	0	0	19	0	0	0	0	0	0	0	0	0	0	0	0	0	0	28	0	0	0	0	0	0	0	34	309	0	0	0	0	50	0	13	0	0	0	0	7	0	0	0	0	0	0	9	0	171	0	0	0	0	0	0	13	0	0	0	0	0	44	2	0	0	0	0	0	0	11	0	0	0	28	15	0	0	0	0	0	18	0	9	0	0	0	0	0	89	10	0	0	0	0	0	0	0	0	0	0	0	0	0	0	0	0	0	0	0	0	0	0	0	45	0	0	0	0	0	30	0	0	18	0	0	0	0	0	0	0	0	0	0	0	0	0	0	0	0	0	0	0	0	0	0	0	0	0	0	0	0	0	24	0	0	0	0	0	0	0	0	10	19	32	13	0	0	0	23	0	9	0	0	0	19	16	0	0	0	6	0	0	0	0	0	237	0	0	17	0	0	0	13	0	0	0	0	0	12	0	0	0	0	0	0	0	0	0	0	0	0	0	0	0	0	0	0	0	73	0	0	0	0	0	17	0	0	25	0	0	0	0	0	0	0	0	0	0	0	0	36	0	0	6	0	0	0	0	0	0	0	0	0	0	0	11	0	0	0	0	0	0	0	0	6	0	0	0	0	5	0	0	0	0	0	0	0	0	0	10	0	32	0	0	0	0	0	0	0	0	0	0	0	0	0	13	3	0	0	0	0	0	0	30	0	0	0	0	0	0	0	0	0	0	0	65	0	0	0	0	0	0	0	0	23	12	0	0	0	0	0	0	0	0	8	0	0	0	0	0	0	0	0	0	0	0	0	0	0	34	0	15	0	0	0	0	0	0	27	0	0	17	0	0	21	0	13	0	0	0	0	0	6	0	0	26	0	0	0	9	8	0	22	17	0	0	0	0	0	0	0	0	0	0	0	0	0	0	0	0	0	0	0	0	0	0	0	0	0	0	6	17	0	0	0	0	5	0	0	0	0	0	0	16	0	0	14	0	0	12	0	0	0	0	3	0	0	0	0	0	0	0	0	0	0	0	0	0	10	0	0	0	0	25	0	0	0	0	0	0	15	0	23	0	0	0	0	0	0	0	0	0	0	0	0	0	0	0	0	0	0	0	0	0	0	0	0	22	0	0	5	0	0	0	0	0	0	0	0	0	3	0	0	0	0	3	9	0	0	24	0	0	0	0	28	8	0	0	0	0	0	0	0	0	0	0	26	0	0	0	0	0	0	0	6	0	0	0	0	0	0	0	0	0	0	0	0	22	0	0	0	0	0	0	0	0	0	0	0	0	0	0	0	0	8	0	0	0	0	0	0	0	0	0	0	0	0	0	0	22	9	0	0	0	0	0	0	0	0	0	0	0	0	0	0	0	0	12	0	0	0	0	0	0	0	0	0	0	0	0	0	17	0	0	0	0	0	0	0	0	0	0	0	0	0	0	0	0	0	0	0	0	0	0	0	0	0	0	0	0	34	0	0	0	0	0	0	0	0	0	0	0	0	0	0	0	0	0	0	0	0	5	0	0	0
tnt15	13468	2086	0	0	0	3	0	0	0	0	263	0	0	0	0	0	0	0	3	0	0	0	0	0	0	0	0	0	228	0	0	0	0	0	140	8	0	25	501	0	52	0	0	0	0	0	0	0	0	0	0	0	0	0	0	0	0	0	0	0	0	0	0	0	0	0	0	0	0	25	0	0	0	0	6	0	0	0	0	0	0	0	0	0	0	0	0	0	0	0	0	369	0	0	0	14	0	0	0	0	0	0	0	3	0	0	0	0	0	0	0	0	0	12	0	0	0	0	0	0	0	0	0	0	0	32	0	19	0	0	0	0	0	6	0	0	0	38	0	0	0	0	0	0	0	0	0	0	0	8	0	0	0	0	0	0	0	0	0	0	0	0	0	13	14	0	0	0	6	0	0	0	0	0	0	0	0	0	0	0	0	0	0	0	0	21	0	0	0	0	0	0	0	0	0	0	0	0	0	0	0	0	0	0	0	0	0	0	4	0	0	0	0	0	0	0	0	0	0	0	0	16	0	0	8	0	0	0	0	0	0	24	0	0	0	0	0	0	0	0	0	0	0	0	34	0	0	0	0	0	0	21	0	0	0	0	0	0	5	0	0	0	0	0	0	13	0	0	0	0	0	0	0	0	0	0	0	0	12	0	0	0	0	0	8	0	0	0	25	0	0	8	15	0	0	0	6	0	0	0	0	0	0	0	0	0	0	0	0	0	0	0	0	0	0	0	0	0	0	0	0	0	14	0	0	0	0	0	0	0	0	0	0	0	0	0	0	0	0	0	0	0	0	0	0	0	0	0	0	0	0	0	0	0	9	0	0	0	0	82	0	0	0	0	0	0	0	0	0	0	0	0	0	0	0	0	0	0	0	0	0	0	0	0	12	0	7	0	0	6	0	16	0	0	0	0	5	0	0	0	0	0	0	0	0	0	0	25	0	0	0	0	0	0	0	0	0	0	0	10	0	0	0	4	0	0	0	12	0	0	0	0	0	0	0	0	0	0	0	0	0	0	0	0	0	0	7	0	0	0	0	0	0	0	0	0	0	0	0	0	0	0	0	0	0	0	0	0	0	17	0	0	0	0	0	0	0	0	0	0	0	0	0	12	0	0	0	0	0	0	0	0	0	0	0	0	0	0	0	0	0	0	0	0	0	0	0	0	0	0	0	0	0	0	0	0	0	0	0	0	0	0	0	0	0	0	0	0	0	5	0	0	0	0	0	0	0	0	0	0	0	0	0	0	0	0	0	0	0	6	0	0	0	0	0	0	6	0	0	0	0	0	0	0	0	0	0	0	0	0	0	0	0	0	0	0	0	4	0	0	0	0	0	0	0	0	0	0	0	0	0	0	0	3	0	0	0	0	0	0	0	0	0	0	8	0	0	0	0	0	0	0	0	0	0	0	0	0	0	0	0	0	0	0	0	0	0	0	0	0	0	0	0	0	0	0	0	0	0	0	0	0	0	0	0	0	0	0	0	0	0	0	0	0	0	0	0	0	0	0	0	0	0	0	0	0	0	0	0	0	0	0	0	0	0	0	0	0	0	0	0	0	0	0	0	0	0	0	0	0	0	0	0	0	0	0	0	0	0	0	0	0	0	0	0	0	0	0	0	0	0	0	0	0	0	0	0	0	0	0	0	0	0	0	0	0	0	0	0	28	0	0	0	0	0	0	0	0	0	0	0	0	0	0	0	0	0	0	0	0	0	0	0	0	0	0	0	0	0	0	0	0	9	0	0	0	0	0	0	0	0	0	0	0	0	0	5	0	0	0	0	0	0	0	0	0	0	0	0	0	0	0	0	0	0	0	0	0	0	0	0	0	0	0	0	0	0	0	0	0	0	0	0	0	0	0	0	0	0	0	3	0	0	0	0	0	0	0	29	19	0	0	0	0	0	0	0	0	0	0	6	0	0	0	0	0	0	0	0	0	0	0	0	0	0	0	0	0	0	0	7	0	0	0	0	0	16	14	0	0	0	0	0	0	0	0	0	0	0	0	0	0	0	0	0	0	0	0	0	0	0	0	0	0	0	0	3	0	12	0	0	0	0	0	0	0	0	0	0	0	0	0	0	0	0	0	0	0	0	0	0	0	0	0	0	0	0	0	0	0	0	0	0	0	0	0	0	0	0	0	0	0	0	0	0	0	20	0	0	0	0	0	0	0	0	0	0	0	0	0	0	0	0	0	0	0	0	0	0	0	0	0	0	0	0	0	0	0	0	0	0	0	0	9	0	0	0	0	0	0	0	5	0	0	0	0	0	0	0	0	0	0	0	0	0	0	0	0	0	0	0	0	7	0	0
tnt16	661	0	0	0	0	51	0	0	0	84	0	0	0	0	0	0	397	46	6	0	0	0	0	0	60	23	14	0	53	169	4420	553	28	214	182	133	141	16	0	0	0	10	0	0	0	0	0	0	0	0	3422	0	0	137	0	30	0	0	0	18	0	0	0	0	0	0	0	0	0	36	0	0	0	0	23	0	0	43	43	0	0	0	0	0	0	0	97	0	33	0	0	0	0	0	0	22	10	0	0	0	0	0	0	32	0	0	0	0	48	0	0	27	13	12	0	0	0	5	0	17	0	0	0	0	0	41	0	28	0	0	42	0	34	47	0	0	10	18	0	0	0	0	0	0	0	0	0	0	0	0	0	3	0	0	0	0	411	0	0	0	11	16	0	39	7	22	0	71	16	0	0	0	0	0	0	0	0	6	90	0	29	136	14	0	0	10	0	0	0	0	0	0	15	42	0	5	0	0	0	23	0	0	0	0	0	0	19	0	39	0	0	0	0	0	15	0	0	23	0	0	0	0	0	0	14	0	0	0	20	0	0	6	0	31	0	0	0	0	0	6	0	0	0	0	0	0	0	0	0	0	12	0	0	0	0	0	0	0	0	0	0	0	16	0	0	0	0	0	72	5	0	0	0	0	0	0	0	18	18	0	0	0	0	0	0	0	0	0	11	0	0	13	0	0	0	0	0	0	30	0	0	20	37	0	0	0	0	15	0	0	0	0	0	0	18	0	0	0	4	0	0	0	18	0	0	0	0	0	0	40	0	21	0	0	8	0	0	0	0	0	0	0	0	0	12	0	0	0	0	0	0	0	0	0	0	0	20	0	0	0	0	0	0	0	0	0	0	16	0	0	0	0	0	0	0	4	0	0	0	0	0	0	12	0	36	0	0	0	0	0	0	0	0	0	0	0	4	0	0	0	0	0	15	0	0	9	0	0	0	0	0	0	0	0	0	0	0	0	0	0	13	0	0	0	0	0	0	0	0	0	0	0	0	0	0	0	0	0	0	0	0	0	0	0	0	0	0	0	0	0	0	0	0	0	0	0	49	0	0	3	0	0	0	0	0	0	0	0	0	0	2	0	6	0	0	0	0	0	0	0	0	0	0	0	11	0	0	0	0	0	0	0	0	0	0	25	0	0	0	0	0	16	29	0	0	0	10	0	0	0	0	0	0	0	0	0	0	0	10	5	7	0	0	0	0	4	0	0	9	0	0	0	0	0	0	0	20	0	0	0	0	0	0	0	0	0	0	0	15	0	0	0	0	0	0	0	0	9	0	0	0	0	0	0	0	0	0	0	0	0	0	0	0	0	0	0	0	0	0	0	0	0	0	0	0	0	0	0	0	0	0	0	0	0	0	0	0	0	0	5	0	0	0	0	3	0	0	0	0	0	0	0	0	0	0	0	0	0	0	0	0	0	0	0	0	0	0	0	0	0	1	0	0	0	0	0	0	0	0	0	0	0	0	0	0	0	0	0	0	0	0	0	0	0	0	0	0	0	0	0	0	0	0	0	0	0	0	0	0	0	0	0	0	0	0	0	0	0	0	0	0	22	0	0	0	0	17	0	0	0	0	0	0	0	0	0	0	0	0	0	0	0	0	0	0	0	27	0	0	0	0	0	0	0	0	0	0	8	0	0	0	0	6	0	0	0	0	0	0	0	0	0	0	4	8	0	0	0	6	0	0	0	0	0	12	0	0	0	0	0	0	0	0	0	0	0	0	0	0	0	0	0	2	0	0	0	0	0	0	0	0	0	0	0	0	0	0	0	0	11	0	0	0	0	0	0	0	0	0	0	0	14	0	0	0	0	0	0	0	0	0	0	0	0	0	0	0	0	0	0	0	0	0	6	0	0	0	0	0	0	0	0	0	0	0	0	0	0	0	0	14	0	0	0	0	0	0	0	0	0	0	0	0	0	0	0	0	0	0	0	0	11	0	0	0	0	0	0	0	0	0	0	0	0	0	0	0	0	0	0	0	0	0	0	0	0	0	0	0	0	0	0	0	0	6	0	0	0	0	0	0	0	0	0	0	0	0	0	0	0	0	0	0	0	6	0	0	0	0	0	0	0	0	0	0	7	0	0	0	0	0	0	0	0	0	0	0	0	0	0	0	10	0	0	0	0	0	0	0	0	0	0	0	0	0	0	0	0	25	0	0	0	0	0	0	0	0	0	0	0	0	0	0	0	0	0	0	0	13	0	0	0	0	0	0	0	0	0	0	0	0	0	0	0	0	0	0	0	0	0	14	0	0	0	0	0	0	0	0	0	0	0	0	0	0	0	0	4	0	0	0	0	0	0	0
tnt22	35513	6608	0	0	0	0	0	10	0	0	0	0	0	0	0	0	0	0	0	0	0	0	0	0	0	0	0	0	48	7	0	0	0	0	119	64	0	49	1239	0	0	0	0	0	0	0	0	0	0	0	0	0	0	0	0	0	0	91	0	0	0	0	31	0	0	0	0	0	0	178	0	0	0	0	0	0	0	0	12	0	0	0	0	0	0	31	0	0	0	0	0	0	0	0	0	76	0	0	0	0	0	0	0	10	0	0	0	0	0	0	0	0	18	0	0	0	0	0	0	0	0	0	0	0	0	20	0	75	0	0	0	0	0	7	0	0	0	19	0	0	0	0	0	0	0	0	0	0	0	106	0	0	0	0	0	0	0	0	0	0	60	0	8	17	58	118	0	0	39	0	0	0	0	0	0	0	0	23	0	0	10	0	191	0	120	0	0	65	0	0	0	0	0	0	0	29	0	53	0	0	0	0	0	0	0	0	0	0	10	0	0	264	0	0	19	0	0	61	0	0	0	30	0	0	4	0	0	0	0	0	0	8	0	0	318	0	0	0	0	43	0	0	0	0	0	0	0	0	0	0	4	64	20	0	0	41	0	0	0	24	0	0	23	0	0	0	0	0	0	0	0	0	0	0	45	0	0	0	18	57	0	0	0	0	0	0	33	0	17	0	0	8	16	37	0	0	77	0	27	0	45	0	3	0	0	0	0	32	0	0	0	0	0	0	0	0	0	0	0	0	0	0	15	0	0	0	0	0	0	0	0	0	0	283	59	0	0	0	0	0	0	0	0	0	7	0	26	45	0	0	0	0	0	41	0	0	0	0	0	36	0	0	0	0	0	0	0	27	28	76	0	0	0	0	0	0	35	0	0	44	0	0	0	0	0	45	0	0	0	0	0	0	0	0	0	0	0	47	0	0	0	0	0	0	0	40	0	51	0	0	0	0	0	0	0	9	0	0	0	0	0	0	0	19	6	0	0	58	0	0	22	0	0	0	0	0	24	0	0	17	0	0	0	0	0	49	0	0	0	0	0	0	0	0	0	0	0	0	0	0	0	0	0	0	0	0	0	0	0	0	0	43	22	0	0	0	0	0	0	0	0	0	0	0	0	0	0	0	0	0	0	33	0	0	0	0	0	0	0	0	0	0	51	0	0	0	0	0	0	0	0	0	14	0	0	0	0	0	17	0	8	0	0	0	0	0	0	0	0	33	0	0	0	0	0	0	0	0	0	0	0	0	50	0	0	0	0	19	11	7	14	0	0	0	0	0	0	29	0	0	0	39	0	0	0	0	0	0	0	0	0	0	0	0	0	0	0	13	19	0	20	0	0	0	0	0	0	0	0	0	37	39	0	34	0	0	0	0	0	4	0	0	0	0	0	14	0	0	0	0	0	0	0	0	9	0	0	0	0	0	0	0	0	0	0	0	0	0	0	0	0	0	0	0	0	0	0	0	0	0	0	0	0	0	28	13	10	28	0	0	0	0	0	0	0	15	0	0	0	0	0	0	0	0	0	0	0	0	0	0	0	0	0	0	16	0	0	0	0	0	0	36	0	0	21	0	0	0	0	0	0	0	0	0	0	79	0	28	0	0	23	27	23	0	0	0	0	0	0	0	0	23	0	0	19	0	14	16	0	0	0	0	0	0	0	0	0	0	0	0	0	0	0	10	0	0	0	0	0	22	0	0	0	0	0	0	0	0	0	0	0	0	0	0	0	0	0	0	0	0	0	0	0	37	0	0	0	20	0	0	0	0	0	0	0	0	0	22	0	9	20	0	0	22	0	47	0	0	0	0	0	0	0	26	0	0	0	0	6	0	31	0	0	31	0	0	0	0	0	0	0	0	0	0	133	0	0	0	5	0	0	0	0	0	0	31	0	0	37	0	0	0	0	0	0	37	0	0	10	0	8	30	15	0	0	0	38	25	7	0	13	0	0	10	0	0	0	30	0	0	0	21	13	0	0	0	0	0	0	0	0	0	0	0	0	0	0	0	0	0	0	119	0	0	0	0	0	0	0	0	0	0	14	0	0	0	14	0	0	110	0	0	0	0	0	0	0	0	0	10	0	0	0	0	0	0	0	0	0	0	0	0	13	0	0	32	29	0	0	0	0	13	10	0	0	0	0	0	0	0	0	0	24	107	0	0	0	0	0	0	28	0	0	0	0	24	26	0	0	0	0	8	0	0	0	0	0	0	0	18	0	0	0	0	0	0	0	0	0	0	0	0	0	0	0	0	0	0	13	0	0	0	7	0	0	0	0	0	9	0	0	0	0	0	0	0	0	0	0	0	0	0	3	0	0
tnt23	0	0	0	0	24	25	0	3	0	48	0	947	0	0	0	1214	0	108	21	0	50	0	0	179	74	1518	0	140	0	129	0	0	193	0	7	59	0	0	0	0	0	690	0	0	2827	1871	0	1650	60	0	0	313	0	0	0	457	159	0	0	0	512	0	0	0	0	0	2057	396	0	0	2371	0	0	951	116	0	1235	102	40	250	435	673	0	414	1048	0	0	0	0	0	1471	0	0	1793	0	0	592	0	255	0	476	579	28	0	0	231	1812	0	298	0	68	6	0	0	62	332	643	0	0	86	0	0	347	1201	1229	0	0	0	0	0	0	110	33	0	0	391	54	0	25	949	0	0	96	0	295	0	0	0	187	0	0	24	28	57	0	0	0	16	514	405	0	28	23	0	15	0	0	0	0	453	166	0	219	525	345	1068	29	0	0	0	0	0	0	629	0	0	0	0	0	0	24	357	0	0	0	0	62	0	0	10	771	0	0	157	0	46	0	0	0	0	228	0	0	248	0	44	0	0	0	0	0	0	0	49	0	0	7	398	48	216	620	0	89	0	0	0	0	16	0	0	0	0	0	0	0	0	0	508	0	355	0	0	19	258	143	0	319	0	0	185	0	0	0	0	137	0	0	145	0	0	48	0	0	0	0	0	0	51	0	0	107	0	0	0	0	0	0	8	0	0	71	0	0	0	117	88	0	84	0	134	0	0	0	0	119	0	0	3	384	86	0	0	0	57	0	0	201	0	60	0	0	246	0	0	0	183	15	17	357	162	0	0	0	0	0	39	0	165	20	23	190	170	0	0	15	74	0	0	0	0	0	0	27	0	0	0	7	126	0	0	6	134	0	0	0	0	0	0	0	0	327	210	184	0	0	0	0	0	72	0	0	0	0	16	0	0	0	102	0	0	0	0	78	0	18	0	0	0	0	81	0	0	0	0	0	0	0	0	55	27	0	0	0	0	13	0	107	27	0	0	0	0	0	0	95	0	0	0	0	36	0	0	0	0	144	223	0	0	0	0	0	20	0	270	178	0	85	170	32	257	0	0	0	0	0	0	172	29	0	47	0	0	0	0	0	0	0	0	0	0	10	0	0	84	0	157	0	0	0	0	120	0	0	0	0	110	0	0	0	0	0	0	0	50	0	0	0	30	0	0	0	0	0	0	177	64	0	0	114	0	0	0	0	0	0	0	0	0	0	0	0	0	0	0	0	0	0	0	0	0	189	66	0	235	52	0	0	105	0	226	0	0	0	124	0	0	11	0	0	0	0	0	0	0	20	0	0	0	193	148	0	0	21	36	33	0	218	0	0	0	0	0	109	0	0	56	41	0	0	0	0	0	0	0	37	78	0	100	16	0	0	0	0	4	0	0	0	7	0	3	70	56	24	0	0	0	62	37	27	0	0	0	0	0	0	0	0	5	0	0	0	0	0	0	159	0	31	0	0	0	0	0	63	0	0	0	0	20	0	0	0	0	0	81	0	0	0	0	0	25	0	0	0	0	177	0	35	0	0	0	50	0	34	0	37	0	0	0	0	0	142	47	0	0	0	0	28	14	0	0	0	0	0	0	0	29	0	0	126	0	0	0	0	104	0	0	0	0	0	0	0	0	0	0	15	0	0	0	0	0	0	0	0	0	0	150	0	0	0	4	0	0	0	0	0	0	0	37	0	0	0	0	0	0	0	0	0	0	0	0	0	0	0	0	0	0	0	0	0	0	0	0	0	0	105	0	0	0	0	0	0	0	0	0	47	0	0	0	87	62	0	0	0	0	0	0	0	0	0	0	0	0	0	0	0	0	0	0	0	0	0	0	0	0	48	0	0	0	0	0	0	0	0	0	45	23	0	0	0	0	0	0	0	0	0	28	0	0	22	0	14	44	0	0	0	0	0	0	0	0	0	0	0	0	0	0	0	0	0	106	0	0	0	22	0	0	0	0	0	0	0	0	0	0	0	0	6	0	0	0	0	0	0	39	0	0	0	0	121	58	0	0	0	0	0	0	0	0	0	0	0	0	18	0	0	0	0	48	15	0	0	0	0	0	0	0	0	0	0	0	39	23	16	0	0	0	0	0	23	0	0	0	0	0	0	0	0	0	0	0	0	0	0	0	0	0	0	0	0	0	0	0	0	67	0	0	0	44	0	0	0	0	0	0	107	0	0	0	0	0	0	0	0	0	0	0	0	0	0	0	0	0	0	0	0	0	0	0	0	0	94	54	40	36	9	0	0	0	0	0	0	0	0	0	102	0	0	0	0	0	0	0	0	0	0	0	0	0	0	100	77	0	0	0	22	0	0	0	0	0	0	0	0	0	0
tnt24	0	0	0	0	0	122	0	0	0	271	0	1844	0	0	0	319	0	0	35	0	22	0	0	103	28	1266	294	85	0	362	0	0	30	4	4	0	0	0	0	0	0	249	0	0	728	3419	0	1343	22	0	0	1671	0	0	279	171	85	0	0	0	338	0	0	0	0	0	542	1144	0	0	0	0	0	1932	0	0	892	165	46	183	0	276	0	60	780	0	0	0	0	0	0	0	0	345	0	0	173	0	1263	0	16	977	0	0	0	81	0	0	596	0	63	80	0	0	475	1173	154	0	30	127	0	0	15	33	350	0	0	0	0	0	0	208	166	0	0	200	19	0	0	282	0	0	0	0	421	1220	0	0	151	0	0	19	40	0	0	0	0	36	314	66	0	0	0	0	0	0	0	29	0	236	108	791	169	192	490	0	0	0	0	0	0	0	0	0	0	0	0	0	0	0	21	346	0	0	0	0	0	0	0	0	29	33	0	639	0	41	0	0	0	794	399	0	0	511	0	80	0	0	0	69	0	0	11	0	0	0	0	0	84	494	0	0	0	0	0	0	0	12	0	0	0	0	0	0	0	0	0	0	0	60	0	0	0	148	198	0	49	0	0	130	0	0	0	0	22	0	0	121	0	0	0	144	0	0	0	0	0	256	0	0	88	0	0	0	0	0	0	0	0	0	0	0	0	0	80	141	0	31	0	0	0	0	0	0	132	0	0	0	43	172	0	0	65	141	0	0	0	0	23	0	0	20	0	0	0	36	0	18	37	4	0	0	0	0	0	40	0	210	0	0	63	122	425	0	0	118	0	0	0	0	0	0	0	0	0	0	93	115	0	0	0	125	14	0	0	0	0	0	0	0	0	179	184	0	0	0	0	0	0	0	0	0	0	0	0	0	0	228	0	0	0	0	94	0	237	0	0	0	0	24	0	0	0	143	0	0	0	0	0	0	0	0	0	0	0	0	0	0	0	0	0	0	0	0	21	0	0	0	0	0	0	0	0	0	77	29	0	111	0	0	0	0	0	0	126	0	0	11	56	0	0	0	0	0	0	0	0	0	0	103	194	0	0	0	0	0	0	0	0	0	19	0	0	183	0	29	0	0	0	0	61	56	0	0	0	0	0	0	0	0	0	0	0	39	0	18	0	17	0	0	78	0	0	0	63	0	0	0	68	0	0	0	0	0	0	0	0	0	0	0	0	0	0	0	0	0	0	0	0	0	0	46	0	4	164	0	0	117	0	9	0	202	0	108	0	0	0	0	0	0	0	0	0	0	0	0	0	0	0	71	0	0	0	0	22	0	0	0	0	0	0	0	0	0	0	0	0	0	0	54	0	0	0	0	58	0	0	0	115	0	0	0	0	0	0	0	0	0	0	0	93	32	0	0	0	0	26	0	151	0	0	0	0	0	0	0	0	9	0	0	0	0	32	0	0	0	9	0	0	0	4	0	37	0	0	0	0	55	0	14	0	0	0	50	0	0	0	0	0	46	0	0	0	0	0	0	0	176	0	0	108	0	0	0	0	0	0	0	0	0	30	0	0	0	0	0	91	0	0	0	0	0	0	0	0	10	0	0	0	0	0	0	0	20	0	0	0	0	0	0	0	0	0	0	0	0	0	0	0	0	0	0	0	0	0	8	0	0	0	0	0	0	0	19	0	0	0	0	0	0	0	0	0	0	0	0	0	0	0	0	30	0	0	0	0	0	0	0	0	0	0	0	0	0	6	125	0	0	0	0	0	0	0	0	56	0	0	0	20	0	0	0	0	0	0	0	0	0	0	0	0	0	0	0	0	0	0	0	0	0	0	0	0	0	88	0	0	0	0	0	0	0	0	0	0	10	0	0	0	0	0	0	0	0	0	0	0	0	16	0	5	8	0	0	0	0	0	0	0	0	0	45	0	0	0	0	0	0	0	12	0	0	0	0	0	0	0	0	0	0	0	0	0	0	0	0	0	0	0	0	0	0	0	0	0	0	0	0	0	0	0	0	0	0	0	0	0	0	0	0	0	0	27	0	0	0	0	0	0	0	0	0	0	116	0	0	0	0	0	0	13	0	0	0	0	0	0	0	0	0	13	0	0	0	0	0	0	0	0	0	0	0	0	0	0	0	0	0	0	0	0	0	0	0	0	0	0	18	0	0	0	0	0	0	0	0	0	0	32	0	0	0	0	0	0	0	0	0	0	0	0	0	0	0	0	0	0	0	0	0	7	24	15	0	0	0	0	0	0	0	0	0	0	0	0	0	0	0	0	0	0	0	0	0	0	0	0	0	0	0	0	0	0	0	0	0	0	0	0	0	0	0	0	0	0
tnt28	0	0	333	743	0	0	0	423	0	0	0	0	0	0	0	0	0	0	0	2	0	204	55	0	0	0	0	0	0	19	0	26	0	0	38	30	0	0	0	0	0	0	0	0	0	0	0	0	0	0	0	10	0	0	0	0	0	0	0	5	0	0	0	0	0	0	0	0	0	0	0	0	0	0	0	0	0	0	0	0	0	0	0	0	0	0	0	0	0	0	0	0	0	0	13	0	0	0	0	0	0	0	0	3	0	0	0	0	0	0	0	20	0	0	0	0	0	0	0	0	0	0	0	0	0	0	0	0	0	0	0	0	0	0	0	0	0	0	0	0	0	0	0	0	0	0	0	0	0	0	0	0	0	0	0	0	0	0	0	0	0	0	0	0	0	0	0	0	0	0	0	0	0	0	0	0	10	0	0	0	0	0	0	0	0	0	0	0	0	0	0	0	0	0	0	0	0	0	0	0	0	0	0	0	0	0	0	0	0	0	0	0	0	0	0	0	0	0	0	0	0	0	0	0	0	5	0	0	0	0	0	4	0	0	0	0	0	0	0	0	0	0	0	0	0	0	0	0	0	0	0	0	0	0	0	0	0	0	0	0	0	0	0	0	0	0	0	0	0	0	0	0	0	0	0	0	0	0	0	0	0	0	0	0	0	0	0	0	0	0	0	0	0	0	0	0	0	0	0	0	0	0	0	0	4	0	0	0	0	0	0	0	0	0	0	0	0	0	0	0	0	0	0	0	0	0	0	0	0	0	0	0	0	0	0	0	0	0	0	0	0	0	0	0	0	0	0	0	0	0	0	0	0	0	0	0	0	0	0	0	0	0	0	0	0	0	0	0	0	0	0	0	0	0	0	0	0	0	0	0	0	0	0	0	0	0	0	0	0	0	0	0	0	0	0	0	0	0	0	0	0	0	0	0	0	0	0	0	0	0	0	0	0	0	0	0	0	0	0	0	0	0	0	0	0	0	0	0	0	0	0	0	0	0	0	0	0	0	0	0	0	0	0	0	0	0	0	0	0	0	0	0	0	0	0	0	0	0	0	0	0	0	0	0	0	0	0	0	0	0	0	0	0	0	0	0	0	0	0	0	0	0	0	0	0	0	0	0	0	0	0	0	0	0	0	0	0	0	0	0	0	0	0	0	0	0	0	0	0	0	0	0	0	0	0	0	0	0	0	0	0	0	0	0	0	0	0	0	0	0	0	0	0	0	0	0	0	0	0	0	0	0	0	0	0	0	0	0	0	0	0	0	0	0	0	0	0	0	0	0	0	0	0	0	0	0	0	0	0	0	10	0	0	0	0	0	0	0	0	0	0	0	0	0	0	0	0	0	0	0	0	0	0	4	0	0	0	0	0	0	0	0	0	0	0	0	0	0	0	0	0	0	0	0	0	0	0	0	0	0	0	0	0	0	0	0	0	0	0	0	15	0	0	0	0	0	0	0	0	0	0	0	0	0	0	0	0	0	0	0	0	0	0	0	0	0	0	0	0	0	0	0	0	0	0	0	0	0	0	0	0	0	0	0	0	0	0	0	0	0	4	0	0	0	0	0	0	0	0	0	0	9	0	0	0	0	0	0	0	0	0	0	0	0	0	0	0	0	0	0	0	0	0	0	0	0	0	0	0	0	0	0	0	0	0	0	0	0	0	0	0	0	0	0	0	0	0	0	0	0	0	3	0	0	0	0	0	0	0	0	0	0	0	0	0	0	0	0	0	0	0	0	0	0	0	0	0	0	0	0	0	0	0	0	0	0	0	0	0	0	0	0	0	0	0	0	0	0	0	0	0	0	0	0	0	0	0	0	0	0	0	0	0	0	0	0	0	0	0	0	0	0	0	0	0	0	0	26	0	0	0	0	0	0	0	0	0	0	0	0	0	0	0	0	0	0	0	0	0	0	0	0	0	0	0	0	0	0	0	0	0	0	0	0	0	0	0	0	0	0	0	0	0	0	0	0	0	0	0	0	0	0	0	0	0	0	0	0	0	0	0	0	0	0	0	0	0	0	0	0	0	0	0	0	0	0	0	0	0	0	0	0	0	0	0	0	0	0	0	0	0	0	0	0	0	0	0	0	0	0	0	0	0	0	0	0	0	0	0	0	0	0	0	0	0	0	0	0	0	0	0	0	0	0	0	0	0	0	0	0	0	0	0	0	0	0	0	0	0	0	0	0	0	0	0	0	0	0	0	0	0	0	0	0	0	0	0	0	0	0	0	0	0	0	0	0	0	0	0	0	0	0	0	0	0	0	0	0	0	0	0	0	0	0	0	0	0	0	0	0	0	0	0	0	0
tnt29	0	0	281	0	0	0	0	4	0	0	0	0	0	0	0	0	0	0	0	61	0	0	0	0	0	0	0	0	13	0	0	0	0	0	142	0	0	22	0	0	23	3	0	0	0	0	0	0	0	0	0	0	0	0	0	5	0	0	0	12	0	0	0	0	0	0	0	0	0	11	0	0	0	0	0	0	0	0	0	0	0	0	0	0	0	0	0	0	0	62	0	0	0	0	0	36	0	0	0	0	0	0	0	5	0	0	10	0	0	0	0	0	29	0	0	0	0	0	0	0	0	0	0	0	0	59	0	0	0	0	0	0	0	0	0	0	0	20	0	0	0	0	0	0	0	0	0	0	0	0	11	0	0	0	0	0	0	0	0	0	0	0	0	0	0	0	0	0	0	0	0	0	0	0	0	0	0	0	0	0	0	0	0	0	0	60	0	10	0	0	0	0	0	0	0	225	0	0	0	25	0	0	0	0	0	0	0	0	0	0	0	0	0	0	0	0	0	0	0	0	0	0	0	0	0	7	0	0	0	0	0	16	0	0	0	0	0	0	0	4	0	0	0	0	0	0	0	0	0	0	0	0	0	0	0	0	0	0	0	0	225	0	32	0	0	0	0	0	0	0	0	0	0	0	0	0	0	0	0	0	0	0	0	8	7	0	0	0	8	0	0	0	0	0	0	0	0	0	0	0	0	0	3	0	0	0	0	0	0	0	27	8	0	0	0	0	0	0	0	0	36	0	0	0	0	0	0	0	0	0	0	0	0	0	0	0	0	0	0	0	0	0	0	0	0	0	0	0	0	0	0	0	0	0	6	0	0	0	0	0	0	0	0	0	0	0	0	0	0	0	0	0	0	0	0	0	0	18	0	51	0	0	0	0	0	0	9	0	0	0	0	0	0	0	0	0	0	0	0	0	0	0	0	0	0	7	0	0	0	0	0	0	0	0	0	0	0	0	66	0	0	0	0	0	0	0	0	0	0	0	10	0	0	106	0	0	0	0	0	0	0	0	141	0	0	0	0	0	0	0	0	0	0	0	0	0	0	0	0	0	0	0	0	18	0	0	0	0	0	0	0	0	0	0	0	0	0	0	0	0	0	0	0	0	0	0	0	0	0	31	0	0	0	0	0	0	0	0	0	0	0	0	0	0	0	0	0	0	0	6	0	62	0	0	0	0	0	0	0	0	0	0	0	0	0	0	0	22	0	0	0	0	0	0	0	0	0	0	0	0	0	0	0	0	0	0	0	0	0	0	0	0	0	0	0	0	0	0	0	0	0	0	0	0	0	0	0	0	0	0	0	0	0	0	14	0	0	0	0	0	0	0	0	0	0	0	0	0	0	0	0	0	0	0	0	0	0	0	0	0	0	0	0	0	0	0	3	0	0	0	0	0	0	0	0	0	0	0	0	0	0	0	0	0	0	0	0	0	0	0	0	0	0	0	0	0	0	0	0	0	0	0	0	0	0	0	0	0	0	0	0	0	0	0	0	0	0	0	0	0	0	0	0	0	0	0	0	0	0	0	0	0	0	0	0	0	0	0	0	0	0	0	0	0	0	0	0	0	0	0	0	15	0	0	0	0	0	0	0	0	0	0	0	0	0	0	0	0	0	0	0	0	0	0	0	0	0	11	0	0	0	0	0	0	0	0	0	0	0	0	0	0	0	0	0	0	0	0	0	0	0	0	0	0	0	107	0	0	28	0	0	0	0	0	0	0	0	0	0	0	0	0	0	0	0	0	0	0	0	0	0	0	0	0	0	0	0	0	0	0	0	0	0	0	0	0	0	0	0	0	0	0	0	0	0	136	0	8	0	0	0	0	0	0	0	0	0	0	0	0	0	0	0	0	0	0	0	0	0	0	0	0	0	0	0	0	0	0	0	0	0	0	0	0	0	0	0	0	0	0	0	0	0	0	0	0	0	27	0	0	0	0	0	0	0	0	0	0	0	0	0	0	0	0	0	0	0	0	0	0	0	0	0	0	0	0	0	0	0	0	0	0	0	0	0	0	0	0	0	0	25	0	0	0	0	0	0	0	10	0	0	0	0	0	0	0	0	0	0	0	0	0	0	0	0	0	0	0	0	0	0	0	0	42	0	0	0	0	0	0	0	0	0	0	0	0	0	0	0	0	0	0	0	0	0	0	0	0	0	0	0	0	0	0	0	0	0	0	0	0	0	0	0	30	0	0	0	0	0	0	0	0	0	0	0	0	0	0	0	0	0	0	0	0	0	10	0	0	0	0	0	0	0	0	0	0	0	10	0	0	0	0	0	0	0	0	0	0	0	0	0	24	0	0	0
tnt30	15204	4956	0	0	0	0	0	0	2960	0	87	0	0	0	0	0	0	0	0	0	0	0	0	0	0	7	0	0	148	0	0	0	0	0	275	80	0	36	558	0	0	0	0	0	0	0	109	0	0	0	0	0	0	0	0	0	0	0	0	14	0	0	0	0	0	0	0	0	30	61	0	0	35	0	0	0	0	0	0	0	0	0	0	0	0	0	4	0	18	0	0	0	0	0	0	83	0	0	0	0	0	0	0	65	0	0	0	0	0	0	0	0	0	0	0	0	0	0	0	0	0	0	0	0	0	45	0	51	0	0	0	0	0	37	0	0	0	21	0	0	0	0	0	0	0	0	0	0	0	13	0	0	0	0	0	0	0	0	0	0	21	0	0	29	26	53	0	0	12	0	0	0	0	0	0	0	0	10	0	0	38	0	10	0	25	20	0	19	0	0	0	0	0	50	0	66	0	0	0	29	0	0	72	0	0	0	0	0	49	0	0	0	0	0	22	0	345	0	0	0	0	14	0	32	15	0	0	0	0	0	0	19	0	49	0	0	0	0	0	39	0	0	0	0	0	0	0	0	9	0	31	26	17	0	0	0	0	0	8	5	44	0	160	0	0	0	0	0	0	15	0	0	0	0	0	0	0	0	8	22	0	0	25	0	0	0	0	0	18	0	0	14	31	0	0	0	0	0	13	0	0	25	22	0	0	0	0	38	0	0	48	22	0	0	0	0	0	0	0	0	30	0	13	0	0	0	0	0	0	0	0	0	0	0	7	0	0	0	0	0	0	0	0	0	24	0	0	0	0	0	0	0	0	12	0	0	0	0	0	0	0	0	0	0	0	0	0	29	0	0	0	0	0	0	0	0	0	0	0	0	0	0	0	0	0	0	0	0	0	0	0	0	0	0	0	0	29	0	0	0	0	0	17	0	0	0	0	0	0	0	0	0	0	0	0	0	0	0	0	0	14	0	0	10	0	8	0	0	0	0	0	0	0	0	0	0	88	0	13	0	0	0	0	0	0	0	0	0	0	0	0	0	0	0	0	0	0	0	0	0	0	0	0	0	0	0	0	0	0	0	0	0	0	0	0	0	0	0	0	0	0	0	0	0	10	0	0	0	0	38	0	0	20	0	0	0	0	0	0	0	0	0	0	0	0	0	8	0	0	0	0	0	0	0	0	0	0	0	13	0	7	0	0	0	0	13	19	0	29	81	0	0	0	0	0	0	0	0	0	0	0	0	0	0	0	0	5	0	0	10	0	0	0	0	0	0	0	19	0	0	0	0	0	0	0	0	0	0	15	0	0	0	0	0	11	0	0	0	0	0	0	0	0	0	0	0	0	0	0	0	0	0	0	24	0	0	0	0	0	0	0	0	0	0	0	0	0	0	0	0	0	0	5	0	0	20	0	0	0	0	0	0	0	0	0	0	0	0	0	0	0	0	0	0	0	0	0	0	0	0	0	0	0	0	0	7	0	0	0	0	0	0	0	0	0	0	0	0	0	0	0	49	0	0	0	0	0	0	0	0	0	0	0	0	0	0	0	0	0	0	0	0	0	0	0	0	0	0	0	0	0	0	0	0	0	0	0	0	0	0	15	0	0	0	8	0	4	0	0	0	0	0	0	0	0	0	8	0	0	0	0	0	17	0	0	0	0	0	0	7	0	0	11	0	16	41	0	30	11	0	0	0	0	0	15	0	0	0	0	0	0	0	0	0	0	0	0	0	0	0	0	0	0	0	0	0	6	0	0	0	0	0	0	10	0	0	0	0	0	0	0	0	0	0	6	0	0	0	0	0	0	0	0	0	0	0	0	11	10	0	0	0	0	0	12	0	0	0	0	0	0	0	13	0	0	0	0	0	0	0	6	0	0	0	0	0	0	0	0	0	0	0	0	0	0	0	0	0	0	0	0	0	0	0	0	0	0	0	0	0	5	0	0	0	0	0	0	0	0	7	0	0	0	0	0	0	0	0	0	0	0	0	0	0	0	0	0	0	0	1	0	0	0	0	0	0	16	0	0	0	0	0	0	0	0	0	0	0	0	0	0	0	0	0	0	0	0	0	0	0	0	0	0	0	0	0	0	0	0	0	0	0	0	0	0	0	0	0	0	0	0	15	0	0	0	0	0	0	0	0	0	0	0	0	0	0	0	0	0	0	0	0	0	0	0	0	0	0	0	0	0	0	0	0	104	0	0	5	26	7	0	0	0	0	0	0	0	0	0	0	0	0	0	0	0	0	0	0	0	4	0	0	0	0	0	0	0	0	0	0	0	0	0	0	0	0	0	0	0	0	0	0	4	0	0
tnt32	11454	6389	0	0	0	0	0	0	2254	0	0	0	15	97	0	0	0	0	0	0	0	0	0	0	0	37	0	0	145	8	0	0	0	0	57	32	0	94	439	0	8	0	0	0	0	0	0	0	0	0	0	25	0	0	0	0	0	1266	0	91	0	0	0	0	0	0	0	0	831	53	0	0	0	0	0	0	0	0	20	0	0	0	0	0	0	0	0	0	0	0	0	0	0	0	0	33	0	0	0	0	0	0	16	22	0	0	0	0	0	0	0	0	24	0	0	0	0	0	0	0	0	0	0	0	0	0	0	0	0	0	0	0	0	14	0	0	0	28	0	0	0	0	0	0	0	0	0	0	20	26	0	0	0	168	0	0	0	0	0	0	29	0	0	0	28	0	0	0	0	0	12	0	0	0	0	0	200	20	0	0	12	0	0	0	0	0	0	16	0	0	0	0	0	0	0	0	0	23	0	20	0	0	0	0	0	161	0	0	5	0	0	0	0	0	0	0	0	51	0	0	0	0	6	0	14	0	0	4	0	0	0	6	0	0	0	0	0	0	0	32	0	0	0	0	0	0	0	0	0	0	0	18	25	0	0	16	0	0	0	5	0	0	0	0	0	0	0	0	0	3	0	0	0	0	0	0	0	0	0	28	0	0	40	0	0	0	13	6	0	0	0	11	7	0	0	0	15	0	17	0	0	0	0	0	0	0	0	13	0	0	0	0	0	0	16	0	0	0	0	0	0	0	0	0	0	0	19	0	0	0	0	0	13	0	16	0	0	0	0	0	0	0	0	0	21	0	14	0	0	0	0	0	0	18	0	0	0	0	5	5	0	0	0	0	14	0	0	0	19	0	0	0	0	0	0	9	0	0	0	0	0	0	0	0	11	0	0	0	0	0	32	0	0	0	0	0	0	0	0	0	0	0	0	0	0	0	0	0	0	0	0	24	0	0	0	0	0	0	0	0	0	28	0	30	9	0	0	0	0	0	0	0	0	0	0	0	0	0	0	25	0	0	0	0	0	0	0	0	0	0	0	40	0	0	0	0	0	0	0	0	0	0	0	0	0	0	0	0	0	23	0	0	0	0	0	0	0	0	0	0	0	0	0	26	0	0	35	0	0	0	0	17	9	0	0	0	0	0	0	0	0	0	0	0	0	0	0	0	0	0	0	0	11	0	0	10	0	0	17	4	0	0	0	0	0	11	0	21	0	37	0	0	0	0	0	0	0	0	0	0	0	0	0	0	0	0	18	0	0	20	0	0	0	0	0	0	4	10	0	0	0	0	0	0	11	3	0	0	0	0	0	0	0	0	10	4	0	0	0	0	0	0	0	0	0	0	0	0	0	0	0	0	0	8	0	0	0	0	0	0	0	0	0	0	0	0	0	0	0	0	102	0	0	0	0	11	0	0	0	0	0	0	0	0	9	0	0	0	0	0	0	0	0	0	0	0	0	0	0	0	0	0	0	0	0	8	0	0	0	0	0	0	0	0	0	4	0	0	0	0	0	8	0	0	0	0	0	0	0	0	0	0	0	0	0	0	0	0	0	0	0	0	0	0	0	0	0	0	0	0	0	0	0	6	0	0	0	0	0	0	0	0	0	0	25	0	0	0	0	0	0	47	0	0	0	0	0	0	0	0	0	0	0	0	0	0	0	0	0	0	0	0	0	0	0	0	12	0	4	0	0	0	0	0	0	0	0	0	0	0	0	0	0	0	0	0	0	0	0	0	0	0	0	0	0	0	0	0	0	0	0	0	0	21	0	0	6	0	0	0	0	0	0	0	6	0	0	0	0	0	0	0	0	0	0	0	0	0	0	0	0	0	0	0	14	0	18	8	0	0	13	0	0	0	0	0	18	0	0	0	35	0	0	0	0	22	0	0	0	0	0	0	0	0	0	0	0	0	0	0	0	0	8	0	0	0	45	0	0	0	0	0	0	0	0	0	0	0	0	0	0	0	7	0	0	0	0	0	0	0	0	0	0	0	0	0	0	0	0	0	0	0	0	0	0	0	0	0	0	0	0	0	0	0	0	0	0	0	0	0	4	0	0	0	0	9	0	0	46	0	0	12	0	0	0	0	0	0	0	0	0	0	0	0	0	0	17	0	0	0	0	0	0	0	0	0	0	0	9	0	0	0	7	0	0	0	0	0	0	0	0	29	0	0	0	0	0	0	0	0	0	0	0	0	0	0	0	0	0	0	0	0	0	0	0	0	0	0	0	0	0	0	0	0	0	0	0	0	0	0	0	6	0	0	0	0	0	0	0	0	0	0	0	0	0	0	0	0	0	0	0	0	0	3	0
tnt33	2825	417	0	0	0	8	0	5	0	0	12	9	0	0	0	0	0	18	13	0	53	0	0	0	0	41	13	0	29	24	0	55	26	0	115	145	3	1075	0	0	0	0	0	0	0	27	0	0	0	0	0	47	0	0	0	0	0	120	0	31	0	0	0	0	0	0	0	0	0	43	0	3341	0	0	0	0	0	71	0	0	0	0	0	0	0	0	9	0	19	0	0	158	9	0	15	77	0	0	12	0	0	0	39	14	0	0	0	2028	0	0	78	11	0	0	0	0	0	0	0	0	0	0	0	0	0	0	0	26	30	0	0	0	0	31	0	0	0	0	0	0	0	0	0	117	8	0	0	0	79	0	0	0	0	0	0	0	0	0	0	0	23	0	0	15	47	28	0	0	128	0	21	0	0	0	0	0	125	16	0	0	9	12	0	0	0	23	0	0	934	0	0	0	0	20	0	0	5	0	0	18	0	0	0	0	0	29	0	0	0	0	0	0	0	0	30	0	0	0	745	0	52	0	0	0	6	0	18	0	0	0	0	0	0	40	0	0	0	50	0	8	0	0	0	575	35	0	0	0	453	0	0	0	44	0	0	0	0	0	0	0	0	0	0	0	0	0	0	0	0	0	0	0	0	0	26	0	0	0	21	0	9	0	25	147	27	0	0	0	0	0	0	0	12	0	9	0	0	0	7	0	47	0	0	0	0	0	18	13	0	0	0	0	0	0	14	0	0	0	0	0	0	0	9	0	0	0	0	0	0	0	0	0	106	0	0	4	0	0	0	0	0	0	0	0	15	0	0	0	401	0	11	392	0	0	0	0	3	0	0	0	0	0	0	0	0	405	0	11	0	0	0	0	0	0	0	0	0	0	0	0	0	376	25	0	0	0	0	0	0	0	0	0	0	0	0	0	0	0	0	0	354	0	0	0	0	0	0	0	0	30	132	0	0	0	0	0	0	0	0	0	0	13	0	13	0	0	296	0	0	0	0	0	0	0	0	0	14	0	0	0	0	0	0	0	0	0	7	0	0	0	0	32	282	0	0	37	0	0	0	0	0	0	0	0	0	0	0	0	0	0	0	0	0	0	0	0	0	0	0	0	0	28	0	13	0	0	0	0	0	0	0	0	0	0	0	0	0	0	0	0	0	0	0	261	0	0	0	0	0	0	0	0	0	0	16	0	251	0	0	0	6	0	0	0	14	0	0	0	0	0	0	0	0	0	0	0	0	0	7	0	234	0	0	0	0	0	7	0	0	0	39	0	0	0	0	0	0	0	0	0	0	0	0	0	0	0	0	0	0	0	0	0	0	0	0	0	0	0	6	0	0	0	0	0	0	0	0	0	8	0	0	0	206	0	0	0	8	4	48	0	0	0	0	200	0	0	0	0	0	0	0	0	6	0	0	0	0	0	0	32	0	0	0	0	0	0	0	0	0	0	0	0	0	0	50	0	0	0	0	0	182	0	0	0	0	19	0	0	0	0	52	0	0	14	0	0	0	0	0	0	0	0	0	47	0	0	0	22	173	0	0	0	0	0	0	0	0	0	0	0	0	0	0	0	0	0	0	6	0	0	0	0	74	0	0	0	0	0	0	0	0	0	0	0	0	0	0	0	0	0	0	0	18	0	0	0	9	0	118	0	0	0	0	9	0	0	0	0	0	0	0	0	0	12	0	0	0	0	0	0	0	0	0	0	0	0	0	0	0	16	0	0	0	0	0	0	0	0	145	0	0	7	3	0	0	0	0	5	0	0	0	0	0	0	0	0	0	0	0	0	0	0	14	10	5	0	0	0	0	0	0	0	0	0	0	0	136	0	0	0	0	0	0	0	0	0	0	0	0	0	0	0	9	0	0	0	0	0	0	0	0	0	131	0	0	0	130	129	0	0	0	0	0	0	0	0	0	0	0	0	9	0	12	0	0	0	18	0	0	0	0	0	0	0	0	0	0	0	23	0	0	0	0	0	0	0	0	40	0	0	0	0	0	0	0	0	0	11	0	0	0	0	0	0	0	0	0	0	0	0	0	0	0	0	0	0	0	0	0	0	0	0	0	0	10	0	0	0	0	0	0	0	0	0	0	0	0	0	0	0	0	0	0	0	0	0	0	0	0	12	10	0	0	0	0	0	0	0	0	108	0	0	0	0	0	0	0	0	0	0	0	0	0	0	0	0	0	0	0	0	0	0	38	0	0	13	0	0	0	0	0	0	0	0	0	103	0	0	0	0	0	0	0	0	0	64	0	102	0	0	0	0	0	0	0	0	0	0	0	0	0	26	0	0	0	9	0	0	70	0	0	0	0	0	0
tnt40	0	0	1107	47	0	5	0	772	0	0	0	0	0	0	0	0	0	0	0	115	0	81	0	0	0	0	0	0	0	0	0	0	0	0	85	5	0	0	0	0	31	0	0	0	0	0	0	0	0	0	0	0	40	0	0	0	0	0	0	25	0	0	0	0	0	0	0	0	0	11	0	0	0	0	0	0	0	0	0	0	0	0	0	0	0	0	0	0	0	157	0	0	0	0	0	0	0	0	0	0	0	0	0	7	0	0	0	0	0	0	0	0	34	21	0	0	0	0	0	0	0	0	0	0	0	44	0	0	0	0	0	0	0	4	0	0	0	0	0	0	0	0	0	0	0	0	0	0	0	0	0	0	0	0	0	0	0	0	0	0	0	0	0	0	0	0	0	0	0	0	0	0	0	0	0	0	0	0	0	0	0	0	0	0	0	28	0	0	0	0	0	0	0	0	0	0	0	0	0	2	0	0	0	0	0	0	0	0	0	0	0	0	0	0	0	0	0	0	0	0	0	0	0	0	0	27	0	0	0	0	0	8	0	0	0	80	0	0	0	0	0	0	0	0	0	7	0	0	0	0	0	10	0	0	0	0	0	0	0	0	0	0	0	0	0	0	0	0	0	0	0	0	0	0	0	0	0	0	0	0	0	0	0	0	7	0	0	0	2	0	0	0	3	0	0	0	0	0	0	0	0	0	2	29	0	0	0	0	0	0	0	6	0	0	0	0	0	0	0	0	0	0	4	0	0	0	0	0	0	0	0	0	0	0	0	0	0	0	0	0	0	0	0	0	0	0	0	0	0	0	2	0	0	0	0	0	0	0	19	0	0	0	0	0	0	0	0	0	0	0	0	0	0	0	0	7	6	0	0	0	0	0	0	0	0	0	0	0	0	0	0	0	0	0	0	0	0	0	0	0	0	0	0	0	0	0	0	0	0	0	0	0	0	0	0	0	0	0	0	0	0	0	0	0	0	0	0	0	0	0	0	0	0	0	0	0	0	0	0	0	0	0	0	0	0	0	0	0	0	0	0	0	0	0	0	0	0	0	0	0	0	0	0	0	0	0	0	0	0	0	0	0	0	0	0	0	0	0	0	0	0	0	0	0	0	0	0	0	0	0	0	0	0	0	0	0	0	0	0	0	0	0	0	0	0	0	0	0	0	0	0	0	0	0	0	0	0	0	0	7	0	0	0	0	0	4	0	0	0	0	0	0	0	0	0	0	0	0	0	0	0	0	0	0	0	0	0	0	0	0	0	0	0	0	0	0	0	0	0	0	0	0	0	0	0	0	0	0	0	0	0	0	0	0	0	0	0	0	0	0	0	0	0	0	0	0	0	0	0	0	0	9	0	0	0	0	0	0	0	4	0	0	0	0	0	0	0	0	0	0	0	0	0	0	0	0	0	0	0	0	0	0	0	0	0	5	0	0	0	0	0	0	0	0	0	0	0	0	0	0	0	0	0	0	0	0	0	0	0	0	0	0	0	0	0	0	0	0	0	11	0	0	0	0	0	0	0	0	0	0	0	0	0	0	0	0	0	0	0	0	0	0	0	0	0	0	0	0	0	7	0	0	0	0	0	0	0	0	0	0	0	0	0	0	0	4	0	0	0	0	0	0	0	0	0	0	0	0	0	0	0	0	0	0	0	0	0	0	0	0	0	0	0	0	0	0	0	0	0	3	0	0	0	0	0	0	0	0	15	0	0	0	0	0	0	0	0	0	0	10	0	0	0	0	0	0	0	0	0	0	0	0	0	0	0	0	0	0	0	0	0	0	0	0	0	0	0	0	0	0	0	0	0	0	0	0	0	0	0	0	0	0	0	0	0	0	0	0	0	0	0	3	0	0	0	0	0	0	0	0	0	0	0	0	14	0	0	0	0	16	0	0	0	0	0	0	0	0	0	0	0	0	0	0	0	0	0	0	0	0	0	0	0	0	0	0	0	0	0	0	0	0	0	0	0	0	0	0	0	0	0	0	0	0	0	0	0	0	0	0	0	0	0	0	0	0	0	0	0	0	0	0	0	0	0	0	0	0	0	0	0	0	0	0	0	0	0	0	0	0	0	0	0	0	0	0	0	0	0	0	0	0	0	0	5	0	0	0	0	0	0	0	0	0	0	0	0	0	0	0	0	0	0	0	0	0	0	5	0	0	0	0	0	0	0	0	0	0	0	0	0	0	0	0	0	0	0	0	0	0	0	0	0	0	0	0	0	0	0	0	0	0	0	0	0	0	0	0	0	0	0	0	0	0	0	0	0	0	0	0	0	0	0	0	0	0	0	0	0	0	0	0	0	0	0
tnt41	0	0	0	0	0	49	0	0	0	0	270	33	82	0	13924	0	116	106	99	0	3	0	0	210	113	108	22	27	606	65	2016	124	0	0	471	819	0	68	0	0	0	0	278	0	0	0	4	0	104	0	0	541	0	0	178	0	0	0	0	276	0	525	0	79	0	0	0	0	0	47	0	0	0	0	0	12	37	13	96	0	0	0	0	0	0	25	0	0	0	0	13	0	0	0	0	0	0	0	0	0	0	0	44	209	115	0	0	0	0	0	106	0	303	350	0	0	0	0	0	0	0	0	0	0	0	44	0	0	0	0	0	0	0	140	0	0	0	154	0	0	0	17	0	0	0	0	20	62	23	12	0	0	0	0	0	0	0	19	40	0	0	0	0	62	16	13	18	0	0	0	0	0	0	0	0	0	0	17	0	0	45	0	0	0	0	39	0	0	0	149	0	8	0	97	0	0	0	14	0	0	0	14	0	0	0	0	0	0	57	0	0	0	0	0	0	0	0	0	0	0	0	0	0	0	65	0	0	0	0	0	0	0	0	0	0	0	0	0	0	0	222	0	0	0	0	101	0	0	0	0	33	0	6	0	0	0	0	61	0	39	0	141	0	83	0	39	0	25	0	30	0	0	0	59	0	0	0	0	0	16	0	13	0	0	80	0	0	0	34	0	0	21	0	44	0	0	0	0	29	0	0	71	49	0	0	0	45	0	0	152	0	0	0	0	69	296	0	0	0	0	0	0	5	0	0	0	35	0	0	0	24	24	0	0	4	0	0	0	0	0	0	0	0	0	0	0	0	0	0	0	0	0	0	17	8	0	0	0	0	0	0	0	0	0	0	0	0	0	0	0	0	0	0	0	26	9	13	0	0	0	50	0	0	0	65	0	0	0	0	13	17	0	0	0	0	0	23	0	0	0	0	0	23	0	0	0	0	34	0	0	0	0	23	0	0	0	0	0	0	0	40	0	0	7	0	0	0	0	0	0	18	0	0	0	0	4	0	0	0	0	0	0	0	0	0	0	0	0	0	0	0	0	0	0	0	0	0	0	105	22	0	0	0	0	0	0	285	0	0	0	0	0	0	0	0	0	0	0	0	0	0	0	0	0	23	0	0	0	0	0	9	0	20	0	0	0	0	0	0	0	0	25	0	0	0	0	61	0	0	0	18	0	0	0	0	0	0	0	16	9	0	0	0	0	0	0	0	0	0	0	0	18	64	0	0	0	0	0	0	0	0	0	0	0	0	0	0	0	0	14	0	0	0	0	0	40	43	0	0	0	223	0	0	0	0	0	0	0	0	66	0	0	0	0	0	0	0	15	0	0	0	0	0	0	0	0	0	0	0	10	0	0	0	0	14	0	0	0	0	0	0	0	0	0	0	0	0	0	0	0	0	0	0	0	0	0	0	0	0	0	0	0	0	19	0	17	0	0	0	0	0	0	0	0	0	0	6	0	23	0	0	0	0	0	0	0	0	0	0	0	0	174	0	0	0	14	0	0	0	63	0	0	0	0	0	0	0	0	0	0	0	0	0	0	0	0	0	74	0	0	0	0	0	0	0	0	0	10	0	0	0	0	0	0	0	0	0	10	35	0	0	0	0	0	0	10	0	0	0	29	32	6	0	0	0	0	7	0	0	0	27	0	0	0	0	0	8	0	0	0	31	0	0	0	0	0	0	0	17	0	0	0	5	0	0	0	0	0	0	0	0	0	0	0	0	0	0	0	0	0	0	0	0	0	0	0	0	0	0	0	0	11	0	37	0	0	0	0	0	0	0	0	0	0	6	10	15	0	0	0	0	25	22	0	0	0	0	0	0	0	0	0	0	0	0	0	0	26	11	0	7	0	0	0	0	0	0	30	0	0	0	0	0	0	35	0	0	0	0	0	0	0	0	0	0	0	17	0	0	0	0	0	0	0	0	0	0	0	0	0	0	8	0	0	0	0	0	0	0	0	0	9	0	0	0	0	44	0	0	0	0	0	0	0	0	0	0	0	0	0	0	0	0	0	7	0	0	0	74	0	0	0	0	0	0	14	0	0	0	0	0	0	0	0	0	0	0	0	0	8	0	8	0	32	0	0	21	0	18	48	0	0	0	0	0	0	0	0	0	0	0	0	0	0	0	0	0	0	0	0	0	0	0	0	0	0	0	32	0	0	0	0	0	0	0	0	0	0	0	0	0	0	0	0	0	0	0	0	0	0	0	0	0	0	0	0	0	0	0	0	0	0	0	16	0	0	0	0	0	0	0	0	0	0	56	0	0	0	0	0	0	0	0	6	0	0	24	0	0	0	0	0	15	0	23
tnt45	0	0	1410	174	0	0	0	155	0	0	0	0	0	0	0	0	0	0	0	33	0	50	568	0	0	0	0	0	0	12	0	0	0	0	118	0	0	0	0	0	70	0	0	0	0	0	0	0	0	478	0	0	0	0	0	0	22	0	0	50	0	0	0	0	0	0	0	0	0	19	0	0	0	0	0	0	0	0	0	0	0	0	0	0	0	0	0	0	80	75	0	0	0	0	0	0	0	0	0	0	0	0	0	0	0	0	0	0	0	0	0	0	19	42	0	0	0	0	0	0	0	0	0	0	0	18	0	0	0	0	0	0	0	0	0	0	0	53	0	0	0	0	0	0	0	0	0	0	0	0	1008	0	0	0	0	0	0	0	0	0	0	0	0	0	0	7	0	0	46	0	0	0	0	0	0	0	0	0	0	0	0	0	0	0	0	0	0	0	0	0	0	0	0	0	0	0	0	15	0	0	0	0	0	0	0	0	0	0	0	0	0	0	0	0	23	0	0	23	0	0	0	10	0	0	0	0	0	0	0	0	0	0	0	0	0	0	0	0	0	0	0	0	0	0	0	44	0	0	0	0	0	18	0	0	0	0	0	0	0	0	0	18	0	0	0	25	0	0	0	0	17	0	0	0	0	0	0	0	4	0	0	0	0	0	0	0	0	0	0	0	0	0	0	0	0	0	0	0	0	0	0	0	0	4	0	0	0	0	0	0	0	12	0	0	0	28	0	0	0	0	0	0	0	0	0	0	0	0	0	0	0	0	0	0	0	0	0	0	0	0	0	0	0	0	0	0	0	0	0	0	0	0	0	0	56	0	0	0	0	0	0	0	0	0	0	0	0	0	0	0	0	0	0	0	0	11	0	0	0	0	0	0	0	0	0	0	0	0	0	0	0	0	0	0	0	0	0	0	0	0	0	0	0	0	0	0	0	0	0	0	0	0	30	0	0	0	0	0	0	0	0	0	0	0	0	0	0	0	0	0	0	0	0	0	0	0	0	0	0	0	0	0	0	0	0	0	0	0	0	0	0	0	0	0	0	0	0	0	0	0	0	0	0	0	0	0	0	0	0	0	0	0	0	0	280	0	0	0	0	0	0	0	0	0	0	0	0	0	0	0	0	0	0	0	0	0	0	0	0	0	0	0	0	0	0	0	0	0	0	16	0	0	0	0	0	0	0	0	0	0	0	0	0	0	0	11	0	3	0	0	0	0	0	0	0	0	0	0	0	0	0	0	0	0	0	0	0	0	15	0	0	0	0	0	0	0	0	0	0	0	0	0	0	0	0	0	0	0	0	17	0	0	0	0	0	0	0	0	0	0	0	0	0	0	0	0	0	0	0	0	0	0	0	0	14	0	0	0	0	0	0	0	0	0	6	0	0	0	0	0	0	0	0	0	0	0	0	0	0	31	0	0	0	0	0	42	0	0	0	0	0	0	0	0	0	0	0	0	20	0	0	0	0	0	0	0	0	0	0	0	0	0	0	0	0	0	0	0	0	0	0	0	0	0	0	0	0	0	0	0	0	0	0	0	0	0	0	0	0	0	0	0	0	0	0	0	0	0	0	0	0	24	0	0	0	0	0	0	0	0	0	0	0	0	0	0	0	0	0	0	5	0	0	0	0	0	0	0	0	0	0	0	0	0	0	0	0	0	0	18	0	0	0	0	0	0	0	0	0	0	0	0	0	0	0	0	0	0	0	0	0	0	0	0	0	0	0	0	0	17	0	0	0	0	0	0	0	0	0	0	0	0	0	0	0	0	0	0	0	0	0	0	0	0	0	0	0	26	0	0	0	13	0	10	0	0	0	0	0	0	0	0	0	0	0	0	0	0	15	0	0	18	0	0	0	0	0	0	0	0	0	0	0	0	0	0	0	0	0	0	0	0	0	0	0	0	0	0	0	0	3	0	0	0	0	0	0	0	0	0	0	0	0	8	0	0	0	0	0	0	0	9	0	0	0	0	27	48	0	0	0	0	71	0	0	0	0	0	0	7	9	0	0	0	0	0	0	0	0	0	0	0	10	0	0	0	0	0	0	0	0	0	0	0	0	9	0	0	0	4	0	12	0	0	0	0	3	0	0	0	0	0	0	0	0	0	0	0	0	0	0	0	0	0	0	0	0	0	0	0	0	0	0	0	0	0	7	0	0	0	0	0	0	0	0	0	0	0	0	0	0	0	0	0	0	0	0	0	0	0	0	0	0	0	0	0	0	0	0	0	0	0	0	0	0	0	0	0	0	0	0	0	0	0	0	0	0	0	0	0	0	27	0	0	0	0	0	0	0	0	0	0	0	0	0
tnt53	27992	5378	0	0	0	0	0	0	307	0	0	0	0	0	0	0	0	0	0	0	0	0	0	0	0	0	0	0	48	6	0	0	0	0	83	66	0	62	0	0	37	0	0	0	0	23	0	0	0	0	0	19	0	0	0	0	0	0	0	19	0	0	0	0	0	0	0	0	0	201	0	0	0	0	0	0	0	0	0	0	0	0	0	0	0	18	0	43	0	0	0	0	13	0	13	82	0	0	0	0	0	0	0	30	0	29	0	0	0	0	0	0	0	16	60	0	0	0	0	0	0	0	0	0	0	29	0	77	0	0	0	0	0	6	0	0	0	0	32	0	0	0	0	0	0	0	0	0	0	112	0	0	0	0	0	0	0	0	0	0	87	0	0	11	23	87	0	0	27	0	0	0	0	0	0	0	0	58	0	0	5	0	13	0	123	18	0	37	0	0	0	0	0	0	0	0	0	42	0	48	0	0	0	0	0	0	0	0	10	0	0	330	0	0	17	0	0	60	0	0	0	44	0	0	5	0	0	0	0	0	0	17	0	44	75	0	0	0	0	0	0	0	0	0	56	0	0	0	0	0	0	0	23	0	0	50	0	0	7	5	0	0	0	0	0	13	0	0	0	12	0	0	0	17	64	0	0	0	0	78	0	0	0	44	0	0	23	0	0	0	0	0	20	87	0	0	72	0	13	0	37	27	0	0	0	0	0	63	0	0	0	13	0	0	0	0	0	0	0	0	0	0	0	0	0	0	18	0	0	0	0	0	0	44	34	0	0	0	0	0	0	0	0	0	10	0	32	48	0	0	0	0	0	30	7	0	0	0	10	15	0	0	0	0	0	0	0	47	0	96	0	0	0	0	0	0	55	0	0	6	0	0	37	0	0	52	0	0	0	0	0	0	0	6	0	0	12	69	0	0	0	0	0	0	0	26	0	0	0	0	0	0	0	0	0	11	0	0	0	51	7	26	0	29	0	8	0	71	0	0	26	0	0	0	0	0	0	0	0	27	0	0	0	0	0	51	0	0	0	0	0	118	0	0	0	0	0	0	0	0	0	0	0	15	0	0	0	0	16	30	0	29	18	0	0	0	0	0	0	0	0	0	0	15	12	0	0	0	0	0	0	33	6	0	0	0	0	0	0	0	0	0	58	0	0	0	0	15	0	0	0	0	0	12	0	0	0	0	0	8	0	30	0	0	12	13	0	0	0	0	0	0	0	0	0	0	44	0	0	0	0	0	22	0	0	0	18	0	14	0	0	0	23	0	0	0	0	13	0	0	0	63	0	0	0	0	0	0	0	0	0	0	0	0	7	0	0	20	24	0	23	0	0	0	8	0	0	0	0	0	75	0	0	0	0	0	0	0	0	13	0	0	0	0	0	19	0	0	0	17	0	0	3	0	18	0	0	0	0	0	0	0	0	0	0	0	0	0	0	0	0	50	0	0	0	0	0	0	13	0	0	0	0	0	36	21	0	41	0	0	0	0	0	15	0	12	0	0	0	0	0	0	0	0	0	0	0	0	0	0	0	0	0	0	15	19	0	0	0	0	0	0	0	0	14	0	0	0	0	11	0	0	0	0	0	61	0	21	26	0	36	0	37	0	0	3	0	0	0	0	0	0	29	0	34	0	12	0	0	0	0	0	0	0	0	0	0	0	0	8	7	0	0	29	0	0	24	0	0	0	0	51	24	0	0	0	0	0	0	0	15	0	0	0	0	0	0	0	0	0	0	9	0	15	0	0	0	26	0	0	0	0	0	0	0	0	29	0	0	0	34	0	0	0	0	0	0	35	137	0	0	0	0	18	0	0	0	0	0	0	22	54	0	20	0	0	0	0	5	0	0	0	0	0	0	0	0	0	0	0	4	0	0	0	0	0	0	0	30	0	0	0	0	0	0	14	0	31	18	0	10	34	0	0	0	53	0	0	22	0	16	0	0	7	0	7	9	0	0	0	0	0	0	0	0	0	0	0	0	0	0	0	0	0	0	0	0	0	0	0	0	0	0	0	7	0	0	0	0	0	0	0	19	0	0	0	5	24	0	0	0	0	0	0	0	31	0	0	0	0	0	0	0	0	0	0	0	0	0	0	0	0	0	0	0	0	21	0	0	9	0	17	21	0	20	0	0	0	0	0	0	0	14	0	0	0	0	0	0	0	57	0	28	0	38	33	10	0	0	0	0	0	0	0	0	0	0	0	0	0	0	0	0	0	0	0	0	12	0	55	0	0	0	0	0	0	0	0	19	9	0	33	14	0	0	0	0	0	17	0	0	0	0	0	0	0	0	0	0	0	0	0	0	0	0
tnt54	1121	0	0	111	0	10	0	0	0	15	2200	0	12	0	0	9	0	15	0	0	0	0	0	0	0	0	0	0	1502	0	0	0	0	0	855	64	0	0	0	6460	0	4	0	0	0	0	18	0	0	0	0	0	0	0	0	13	0	358	0	37	0	0	0	0	0	0	0	0	0	14	0	0	0	0	0	0	0	0	0	0	0	26	181	0	0	0	61	0	0	0	0	176	0	0	0	8	0	0	0	0	0	0	0	123	0	0	0	0	0	0	0	0	56	106	0	0	0	0	0	0	0	0	0	0	0	193	0	0	0	0	0	35	0	88	0	0	0	36	0	0	0	0	0	0	0	0	0	0	14	27	0	0	0	0	0	0	0	0	0	0	49	27	0	51	18	0	0	0	29	5	0	0	0	0	0	0	0	0	0	0	47	4	0	0	0	82	0	8	0	0	0	0	0	97	0	0	0	0	0	0	0	0	0	0	0	174	0	0	112	0	0	0	0	0	68	0	0	0	0	0	190	0	0	0	30	0	0	0	0	0	0	15	0	0	0	0	0	0	0	15	0	0	0	0	0	49	0	5	0	11	36	0	0	0	0	25	0	0	0	0	0	0	0	0	0	85	0	28	0	13	0	0	0	81	0	0	0	0	17	0	27	0	0	0	0	0	0	0	73	0	0	111	24	0	0	0	0	0	53	47	0	15	0	0	23	0	0	18	0	0	77	23	0	0	34	0	0	0	0	0	0	0	60	0	0	0	0	0	0	0	0	52	0	0	0	0	0	0	0	0	0	0	0	0	0	0	0	0	0	0	0	0	0	28	7	0	0	0	30	0	15	0	0	0	61	0	0	54	0	0	0	0	0	0	0	35	0	0	0	0	21	0	0	0	15	25	0	0	0	62	0	0	0	0	0	0	69	0	0	0	0	0	41	0	0	22	0	44	0	0	0	0	7	0	0	0	0	0	200	0	0	0	0	0	0	0	0	29	0	0	8	0	0	0	0	0	21	0	0	1	0	0	0	0	0	0	0	0	0	0	0	0	0	0	0	0	0	0	0	0	0	0	41	12	0	0	0	0	0	0	0	0	0	0	0	0	0	0	28	0	0	0	0	41	0	0	0	0	30	0	0	0	0	0	0	0	0	0	0	0	0	8	0	0	0	0	0	0	0	59	0	0	99	0	19	0	0	0	0	11	27	32	0	0	0	0	0	8	16	53	0	0	0	0	0	0	0	0	0	0	0	0	0	0	0	0	0	0	16	0	0	0	0	0	0	46	18	0	0	0	0	0	0	0	0	0	0	0	0	0	0	0	0	0	0	0	0	12	10	0	9	0	0	0	0	0	0	16	0	0	0	0	0	0	32	0	0	0	0	25	0	0	0	0	0	15	0	0	0	0	0	0	36	0	0	0	0	0	0	0	0	0	0	0	0	0	0	0	17	0	0	0	0	0	0	0	6	0	18	0	0	10	0	0	24	0	0	0	0	0	14	0	0	0	0	0	0	0	0	0	0	17	0	0	0	0	0	0	0	0	0	0	0	0	13	0	0	0	0	0	0	0	0	0	0	0	0	0	0	14	0	0	0	0	0	0	0	0	0	0	0	0	0	0	0	0	0	0	0	51	0	0	0	0	28	0	0	0	0	0	0	0	0	0	0	0	0	0	0	0	12	0	0	0	49	0	0	0	0	0	0	0	0	0	11	0	0	0	51	0	52	0	0	10	0	0	0	9	0	0	0	5	13	0	0	0	0	0	0	0	0	0	0	0	0	0	0	38	0	0	25	0	76	0	25	26	0	0	0	0	0	0	42	0	0	0	0	0	0	0	0	0	0	0	6	0	8	0	0	0	0	0	0	13	0	0	67	0	5	0	0	0	0	0	0	27	0	0	0	0	0	0	0	0	0	0	12	0	0	0	0	0	0	0	0	0	0	0	0	0	0	0	0	0	0	0	0	0	0	0	6	21	0	0	0	22	0	0	0	0	0	6	0	0	0	0	0	0	0	0	0	0	0	0	0	9	0	0	0	0	0	0	0	0	0	0	11	0	0	0	0	0	0	0	0	0	0	0	0	0	0	0	0	0	0	0	0	0	0	0	0	0	5	0	0	0	0	0	0	0	0	0	0	0	0	0	0	0	0	0	0	0	0	0	0	0	0	0	0	0	0	20	0	15	0	0	0	39	0	0	0	0	0	0	0	0	0	0	16	0	0	0	0	30	0	0	0	0	0	0	0	0	0	30	0	0	0	0	0	0	0	0	0	0	0	0	0	0	0	0	0	0	0	0	0	0	0	0	0	0	0	0	4	0	0
tnt56	0	0	1256	781	0	6	0	70	0	0	0	0	0	0	0	0	0	0	0	53	0	0	418	0	0	0	0	0	0	0	0	0	0	0	47	0	0	0	0	0	0	0	0	0	0	0	0	0	0	77	0	0	0	0	0	0	0	0	0	68	0	0	0	0	0	0	0	0	0	10	0	0	0	0	0	0	0	0	0	0	0	0	0	0	0	0	0	0	0	0	0	0	0	0	0	14	0	0	0	0	0	0	0	0	0	0	0	0	0	0	0	0	97	132	0	0	0	0	0	0	0	0	0	0	0	0	0	0	0	0	0	0	0	0	0	0	0	25	0	0	0	0	0	0	0	0	0	0	0	0	0	0	0	0	0	0	0	0	0	0	0	0	0	0	0	0	0	0	0	0	0	0	0	0	0	0	0	0	0	0	0	0	0	0	0	30	0	0	0	0	0	0	0	0	0	0	0	0	0	0	0	0	0	0	0	0	0	0	0	0	0	0	0	0	0	0	0	0	0	0	0	10	0	0	0	54	0	0	0	0	0	0	0	0	0	0	0	0	0	0	0	0	0	0	0	8	0	0	0	0	0	0	0	0	0	0	0	0	0	0	0	0	0	0	0	0	0	0	0	0	0	0	0	0	0	0	0	0	0	0	0	0	0	0	5	0	12	0	0	0	0	0	15	0	0	0	0	0	0	0	0	0	0	0	0	0	0	0	0	0	0	11	0	0	0	0	0	0	0	0	0	0	26	0	0	0	0	0	0	0	0	0	6	0	0	0	26	0	0	0	0	0	0	0	0	0	0	0	0	0	0	0	0	0	8	0	0	0	32	0	0	0	0	0	0	0	0	0	0	0	0	0	0	0	0	0	0	0	0	0	0	0	0	0	0	0	0	0	0	0	21	0	0	0	0	0	0	0	0	0	0	0	0	0	0	0	0	0	0	0	0	0	0	0	0	0	0	0	0	0	0	0	0	0	0	0	0	0	0	0	0	0	0	0	0	0	0	0	0	0	0	0	0	0	0	0	0	0	0	0	0	0	0	0	0	0	0	0	35	0	0	0	0	0	0	0	0	0	0	0	0	0	0	0	0	0	0	0	0	8	0	0	0	0	0	0	0	0	0	0	0	0	0	0	0	0	0	0	0	0	0	0	0	0	0	0	0	0	0	0	0	0	0	0	0	0	0	0	0	0	0	0	0	0	0	0	0	16	0	0	0	0	16	0	0	0	0	0	0	0	0	0	0	0	0	0	0	0	0	0	0	0	0	0	0	13	0	0	0	0	0	0	0	0	0	0	0	0	0	0	0	0	0	0	0	0	0	0	0	0	0	0	0	0	0	0	0	0	0	0	0	0	0	0	0	0	0	0	0	0	0	0	0	0	0	0	0	0	0	0	0	0	0	0	0	0	0	0	0	0	0	0	0	0	0	0	0	0	0	0	0	0	0	0	0	0	0	0	17	0	0	0	0	0	0	0	0	0	0	0	0	0	0	0	0	0	0	0	0	30	0	0	0	0	0	0	0	0	0	0	0	0	0	0	0	0	0	0	0	0	0	0	0	0	0	0	0	0	0	5	0	0	0	0	0	0	0	0	0	0	0	0	0	0	0	0	0	0	0	0	0	0	0	0	0	0	0	0	0	0	0	0	0	0	0	0	0	0	0	0	0	0	0	0	0	0	0	0	0	0	0	0	0	0	0	0	0	0	0	0	0	0	0	0	0	0	0	0	0	0	0	0	0	0	0	0	0	0	0	0	0	0	0	0	0	0	0	0	0	0	0	0	0	0	0	0	0	0	0	0	0	0	0	0	0	0	0	0	0	0	33	0	0	0	0	0	0	0	0	0	0	0	0	0	0	0	0	0	0	0	0	0	0	0	0	0	0	0	0	0	0	0	0	0	0	0	0	0	0	0	0	0	0	0	0	0	0	0	0	0	0	0	0	0	0	0	0	0	0	0	0	0	0	0	0	0	0	0	0	0	0	0	0	0	0	0	0	0	0	0	0	0	0	0	0	0	0	0	0	0	0	0	0	0	0	0	0	0	0	0	0	0	0	0	0	0	0	0	0	0	0	0	0	0	0	0	0	0	0	0	0	0	0	0	0	0	0	0	0	0	0	0	0	0	0	0	0	0	0	0	0	0	0	0	0	0	0	0	0	0	0	0	0	0	0	0	0	0	0	0	0	0	0	0	0	0	0	0	0	0	0	0	0	0	0	0	0	0	35	0	0	0	0	0	0	0	0	0	0	0	0	0	0	0	16	0	0	0	0	0	0	0	0	0	0	0	0	0	0	0	0	0	0	0	0
tnt57	0	0	33	0	0	0	0	91	0	0	0	0	0	0	0	0	0	0	0	22	0	0	0	0	0	0	0	0	0	0	0	0	0	0	97	0	0	0	0	0	0	0	0	0	0	0	0	0	0	0	0	0	0	0	0	0	0	0	0	215	0	0	0	0	0	0	0	0	0	0	0	0	0	0	0	0	0	0	0	0	0	0	0	0	0	0	4	0	61	0	0	0	0	0	0	0	0	0	0	0	0	0	0	0	0	0	0	0	0	0	0	9	11	18	0	0	0	0	0	0	0	0	0	0	0	9	0	0	0	0	0	0	0	0	0	0	0	29	0	0	0	0	0	0	0	0	0	0	0	0	0	0	0	0	0	0	0	0	0	0	0	0	0	0	0	0	0	0	0	0	0	0	0	0	0	0	0	0	0	0	0	0	0	0	13	12	0	0	0	0	0	0	0	0	0	0	0	0	0	4	0	0	0	0	0	0	0	0	0	0	0	0	0	0	8	0	0	0	0	0	46	0	0	0	0	7	0	0	0	0	0	8	0	0	0	0	0	0	0	0	0	0	0	0	0	0	0	0	0	0	0	15	0	0	0	0	0	0	0	0	14	0	0	0	0	15	0	0	0	0	0	0	0	0	0	0	0	0	14	0	0	0	0	0	0	0	0	0	0	0	0	0	0	0	0	0	0	0	0	0	0	0	0	0	0	0	0	18	0	0	32	22	0	0	0	0	0	0	0	0	0	0	0	0	0	0	0	0	0	0	0	0	0	0	0	0	6	0	0	0	0	0	0	0	0	0	0	0	0	0	0	0	0	0	105	0	0	0	0	0	0	0	0	0	0	0	0	0	0	0	0	0	0	0	0	0	0	0	0	0	0	0	0	0	0	0	0	0	0	0	0	0	0	0	0	0	0	0	0	0	0	0	0	0	0	0	0	0	0	0	0	0	0	0	0	0	0	0	0	0	0	0	0	0	0	0	0	0	0	0	0	0	0	0	0	0	0	0	0	0	0	0	0	0	0	0	0	0	0	0	0	0	0	0	0	0	0	0	0	0	0	0	0	0	0	0	0	0	0	0	0	0	0	0	0	0	0	0	0	0	0	0	0	7	0	0	0	0	0	0	11	0	0	0	0	0	0	0	0	0	0	0	0	0	0	0	0	0	0	0	0	0	0	0	0	0	0	0	0	0	0	0	0	0	0	0	0	4	5	0	0	0	0	0	0	0	0	0	0	0	0	0	0	0	0	0	0	0	0	0	0	0	0	0	0	0	0	0	0	0	0	0	0	0	0	0	0	0	0	0	0	0	0	0	0	0	0	0	0	0	0	0	0	0	0	0	0	0	0	0	0	0	0	0	0	0	0	0	0	0	0	0	0	0	6	0	0	0	0	0	0	0	0	0	0	0	0	0	0	0	0	0	0	0	0	0	0	0	0	0	0	0	0	0	0	0	0	0	0	0	0	0	0	0	0	0	0	0	0	0	0	0	0	0	0	0	0	0	0	0	0	0	0	0	0	0	0	0	0	0	0	0	0	0	0	0	0	0	0	0	0	0	0	0	0	0	0	0	0	19	0	15	0	0	0	0	0	0	0	0	0	0	0	0	0	0	0	0	0	0	0	0	0	0	0	0	0	0	0	0	0	0	0	0	0	0	0	0	0	0	0	0	0	0	0	0	0	0	0	0	0	0	0	0	0	0	0	0	0	0	0	0	0	4	0	0	0	0	0	0	0	0	0	0	0	0	0	0	0	0	0	0	0	13	0	0	0	0	0	0	0	0	0	0	0	0	0	0	0	0	0	0	0	0	0	0	0	0	0	0	0	0	0	0	0	0	0	0	0	0	0	0	0	0	0	0	0	0	0	0	0	0	0	0	0	0	0	0	0	0	0	0	0	0	0	0	0	0	0	0	0	0	0	0	5	0	0	0	0	0	0	0	0	0	0	0	0	0	0	0	12	0	0	0	0	0	0	0	0	0	0	0	0	0	0	0	0	0	0	0	0	0	0	0	0	0	8	0	0	0	0	0	0	0	0	0	0	0	0	0	0	0	0	0	0	0	0	0	0	0	0	0	0	0	0	0	0	0	0	0	0	0	0	0	0	0	0	0	0	0	0	8	0	0	0	0	0	0	0	0	0	0	0	0	0	0	0	0	0	0	0	0	0	0	0	0	0	0	0	0	0	0	0	0	0	0	0	0	0	0	0	0	0	0	0	0	14	0	18	0	14	0	0	0	0	0	0	0	0	0	0	0	0	0	0	0	0	0	0	0	0	0	12	16	0	0	0	0	0	0	0	0	0	0	0
tnt6	0	0	891	19	0	0	0	180	0	0	0	0	0	0	0	0	0	0	0	0	0	7337	180	0	0	0	0	0	0	0	0	0	0	0	33	27	0	0	0	0	16	0	0	0	0	0	0	0	0	78	0	0	0	0	0	0	0	0	0	0	0	0	0	0	0	0	0	0	0	0	0	0	0	0	0	0	0	0	0	0	0	0	0	0	0	0	0	0	0	92	0	0	0	0	0	0	0	0	0	0	0	0	0	0	0	0	0	0	0	0	0	0	0	0	0	0	0	0	0	0	0	0	0	0	0	0	0	0	0	0	0	0	0	0	0	0	0	0	0	0	0	11	0	0	0	0	0	0	0	0	0	0	0	0	0	0	0	0	0	0	0	0	0	0	0	0	0	0	0	0	0	0	0	0	0	0	0	0	0	0	0	0	0	0	0	0	0	0	0	0	0	0	0	0	0	0	0	0	0	0	0	0	0	0	0	0	0	0	0	0	0	0	0	0	0	0	0	0	0	0	0	0	0	0	0	0	0	0	0	0	0	0	0	0	0	0	0	0	0	0	0	0	0	0	0	0	0	0	2	0	0	0	0	0	0	0	0	0	0	0	0	0	0	0	0	0	0	0	0	0	0	0	0	0	0	0	0	0	11	0	0	0	0	0	0	0	0	0	0	0	0	0	0	0	0	0	0	0	0	0	0	0	0	0	0	0	0	0	0	0	0	0	0	0	0	0	0	0	0	0	0	0	0	0	0	0	0	0	0	0	0	0	0	0	0	0	0	0	0	0	0	0	0	0	0	0	0	0	0	0	0	0	0	0	0	0	0	0	0	0	0	0	0	0	0	0	0	0	0	0	0	0	0	0	0	0	0	0	0	0	0	0	0	0	0	0	0	0	0	0	0	0	0	0	0	0	0	0	0	0	0	0	0	0	0	0	0	0	0	0	0	0	0	0	0	0	0	0	0	0	0	0	104	0	0	0	0	0	0	0	0	0	0	0	0	0	0	0	0	0	0	0	0	0	0	0	0	0	0	0	0	0	0	0	0	0	0	0	0	0	0	0	0	0	0	0	0	285	0	0	0	0	0	0	0	0	0	0	0	0	0	0	0	0	0	0	0	0	0	0	0	0	0	0	0	0	0	0	0	0	0	0	0	0	0	0	0	0	0	0	0	0	0	0	0	0	0	0	0	0	0	0	21	0	0	0	0	0	0	0	0	0	0	0	0	0	0	0	0	0	0	0	0	0	0	0	0	0	0	0	0	0	0	0	0	0	0	0	0	0	0	0	0	0	0	0	0	0	0	0	0	0	0	0	0	0	0	0	0	0	0	0	0	0	0	0	0	0	0	0	0	0	0	0	0	0	0	0	0	0	0	0	0	0	0	0	0	0	0	0	0	0	0	0	0	0	0	0	0	0	0	0	0	0	0	0	0	0	0	0	0	0	0	0	0	0	0	0	0	0	0	0	0	0	0	0	0	0	0	0	0	0	0	0	0	0	0	0	0	0	0	0	0	0	0	0	0	3	0	0	0	0	0	0	0	0	0	0	0	0	0	0	0	0	0	0	0	0	0	0	0	0	0	0	0	0	0	0	0	0	0	0	0	0	0	0	0	0	0	0	0	0	0	0	0	0	0	0	0	0	0	0	0	0	0	0	0	0	0	0	0	0	0	0	0	0	0	0	0	0	0	0	0	0	0	0	0	0	0	0	0	0	0	0	0	0	0	0	0	0	0	0	0	0	0	0	0	0	0	0	0	0	0	0	0	0	0	0	0	0	0	0	0	0	0	0	0	0	0	0	0	0	0	0	0	0	0	0	0	0	0	0	0	0	0	0	0	0	0	0	0	0	0	0	0	0	0	0	0	0	0	0	0	0	0	0	0	0	0	0	0	0	124	0	0	0	0	0	0	0	0	0	0	0	0	0	0	0	0	0	0	0	0	0	0	0	0	0	0	0	0	0	0	0	0	0	0	0	0	0	0	0	0	0	0	0	0	0	0	0	0	0	0	0	0	0	0	0	0	0	0	0	0	0	0	0	0	0	0	0	0	0	0	0	0	0	0	0	0	0	0	0	0	0	0	0	0	0	0	0	0	0	0	0	0	0	0	0	0	0	0	0	0	0	0	0	0	0	0	0	0	0	0	0	0	0	0	0	0	0	0	0	0	0	0	0	0	0	0	0	0	0	0	0	0	0	0	0	0	0	0	0	0	0	0	0	0	0	0	0	0	0	0	0	0	0	0	0	0	0	0	0	0	0	0	0	0	0	0	0	0	0	0	0	0	0	0	0	0	0	0	0	0	0	0
tnt62	0	0	763	0	0	62	0	0	0	25	0	4	0	0	0	0	0	27	22	0	0	58	0	0	13	18	0	0	0	22	0	48	0	0	46	43	0	901	0	0	0	0	0	0	0	15	0	109	0	0	0	102	0	0	0	0	0	0	0	0	22	0	0	0	3690	3654	0	0	26	35	0	0	0	0	0	0	161	20	0	0	16	0	0	18	0	0	550	0	0	93	35	0	0	31	0	25	13	0	0	0	0	0	11	0	0	0	0	0	0	0	109	19	0	0	11	20	0	0	0	0	0	0	0	0	0	52	1713	84	0	3	0	0	0	0	0	0	0	0	0	0	0	0	0	0	0	0	0	0	85	16	8	0	0	24	0	0	0	0	0	0	26	0	0	0	44	23	0	0	289	0	39	0	70	0	0	0	15	0	0	0	0	0	0	0	0	0	0	24	0	0	0	0	0	0	0	0	0	0	6	4	24	0	0	0	0	104	321	0	0	0	57	0	687	7	15	33	0	0	0	0	0	46	0	369	0	26	0	0	0	0	0	28	0	43	0	14	0	31	0	17	0	0	0	13	58	0	0	0	59	0	0	0	126	0	0	0	0	0	0	0	0	0	0	0	0	0	0	0	0	0	0	47	0	0	0	0	0	0	0	10	0	0	0	73	0	5	34	0	0	0	0	0	24	0	0	0	0	18	0	0	0	0	3	0	0	0	0	0	0	45	0	0	0	0	0	61	0	0	0	0	0	0	0	0	0	0	0	0	0	0	0	0	27	0	9	0	0	0	0	9	0	105	8	0	0	0	0	0	0	433	172	40	0	0	0	0	0	0	0	0	0	0	0	0	0	0	0	0	0	0	0	0	0	19	93	0	0	0	0	0	0	0	0	0	0	0	0	0	0	0	0	0	0	0	0	0	0	0	0	22	0	0	0	0	0	10	0	0	0	23	87	0	0	0	0	0	0	0	0	0	0	0	0	0	0	0	0	0	44	0	38	0	0	0	0	0	0	0	88	21	0	0	0	0	0	0	0	0	0	0	300	0	12	5	0	46	0	0	0	0	0	0	0	27	144	0	0	0	0	0	1	0	21	0	0	0	0	0	0	0	49	0	0	0	0	0	0	0	0	0	0	0	0	0	0	0	0	0	0	240	0	0	19	0	0	0	0	0	0	0	0	0	0	36	0	0	0	0	0	0	0	0	0	247	0	11	0	0	0	0	0	0	0	0	0	0	0	0	0	0	0	0	0	0	87	219	0	0	0	0	35	0	0	0	0	0	0	0	2	0	0	0	0	0	18	0	0	218	0	0	0	0	0	0	0	0	0	0	0	0	0	0	0	0	0	0	167	0	9	0	0	0	0	0	0	0	31	0	84	0	0	0	0	0	0	0	0	34	0	0	0	194	0	0	0	28	0	0	0	0	177	191	26	0	0	0	10	0	0	0	12	0	0	0	135	0	0	0	0	0	0	54	0	0	0	0	27	0	0	0	83	0	0	0	0	0	0	0	0	0	0	0	0	51	0	0	0	0	0	0	0	0	0	0	0	8	0	19	0	0	0	0	0	0	0	0	0	0	0	0	0	0	0	0	0	0	0	0	0	0	0	0	0	0	0	0	0	0	23	0	0	0	0	0	0	0	0	0	26	0	0	156	0	30	0	0	0	0	0	0	0	0	24	0	0	0	0	0	0	0	0	0	0	0	0	0	0	0	0	104	0	32	15	0	0	0	0	0	0	0	0	0	0	10	0	0	0	8	0	0	0	0	141	0	0	0	0	0	0	0	0	75	0	0	0	0	0	0	0	0	0	0	0	0	0	0	0	0	0	64	35	0	0	0	0	0	0	0	0	0	0	0	0	0	0	0	0	0	0	0	5	0	0	0	0	0	0	0	0	0	0	0	0	128	0	0	0	0	0	0	0	13	0	0	0	0	0	20	0	125	0	0	0	0	124	21	0	0	0	0	0	0	0	0	0	0	0	0	0	0	14	0	0	121	0	0	0	17	0	0	0	0	16	0	0	0	0	0	0	0	28	117	0	0	17	0	7	0	0	0	7	0	0	45	0	0	0	114	0	0	0	0	0	0	0	0	0	0	0	0	0	0	0	0	0	0	0	0	110	0	0	0	0	0	0	109	0	23	0	0	0	0	0	0	0	0	0	0	0	69	0	0	0	0	0	0	0	0	0	0	0	0	0	0	0	0	104	0	0	0	0	0	0	0	0	0	0	0	0	0	0	0	0	0	0	28	0	0	0	0	0	0	0	0	0	0	0	73	0	0	0	0	0	0	31	0	0	0	18	0	0	0	0	0	0
tnt63	0	0	0	0	0	317	0	6	0	417	0	9227	0	0	0	15753	0	29	202	0	284	0	0	644	100	277	79	133	0	1043	0	433	0	0	23	0	0	0	0	0	0	4549	0	0	2484	422	0	702	38	0	0	322	0	20	135	1338	3520	0	9	0	1226	0	0	0	0	0	1008	1310	0	0	1107	0	0	278	2946	0	247	153	117	83	2396	1863	0	42	919	0	0	0	0	0	171	0	0	68	107	0	765	2202	435	0	1665	0	0	0	0	53	228	0	0	0	20	48	0	0	282	190	353	0	0	925	35	0	106	398	173	0	0	0	0	0	0	1147	0	0	1595	970	100	0	61	226	1435	0	454	0	341	79	0	0	89	0	0	1189	140	0	0	0	0	118	95	703	0	0	307	0	11	0	0	0	0	332	103	208	197	309	90	0	14	0	0	0	0	0	0	318	0	0	0	0	0	0	144	148	0	0	409	0	46	0	55	7	41	21	0	73	846	45	0	25	0	0	55	0	0	35	0	126	0	17	0	108	0	0	45	0	0	0	0	337	122	25	109	0	636	0	0	0	694	75	16	0	0	669	0	0	0	0	10	72	0	216	0	0	0	220	35	0	260	0	0	34	0	0	0	0	34	0	94	268	0	0	0	217	0	0	0	0	477	168	0	0	275	0	0	0	0	0	0	0	0	562	211	0	0	0	133	273	0	0	0	346	0	0	0	0	217	248	0	0	61	32	0	0	0	0	0	0	0	0	138	0	0	37	0	464	0	220	0	15	70	5	0	0	0	0	0	45	0	68	89	43	147	25	7	440	0	0	0	0	0	0	0	0	0	2	0	151	6	92	0	0	12	36	24	0	0	0	0	0	0	0	0	10	0	0	0	0	0	0	262	0	0	0	0	0	0	0	0	40	0	0	0	0	40	0	73	360	0	0	51	28	0	352	0	189	351	0	0	0	8	17	0	0	0	0	0	0	166	116	0	0	0	0	0	0	9	0	0	0	0	0	0	14	0	0	90	0	0	0	0	0	305	23	0	22	0	0	0	121	55	43	0	0	0	0	0	0	0	100	0	67	37	289	0	0	0	25	0	0	0	0	3	0	0	0	0	28	0	278	0	0	10	38	0	0	0	147	0	0	0	0	0	6	0	176	12	0	0	67	263	0	0	0	0	0	20	196	0	0	63	0	0	0	0	0	0	0	0	54	0	0	0	0	0	0	0	0	0	0	0	0	47	35	0	0	0	0	0	0	0	0	0	31	0	0	0	0	0	0	0	0	0	0	0	0	0	0	0	0	29	0	0	0	74	5	0	0	0	0	0	0	0	217	107	0	0	132	0	0	0	34	0	7	0	0	70	59	0	29	16	0	0	0	0	0	0	204	0	23	0	0	10	112	51	0	0	0	0	70	17	18	0	0	0	0	0	0	57	0	62	0	0	0	0	0	13	0	101	0	0	0	17	0	86	181	0	0	0	101	0	12	0	0	57	50	0	0	0	0	0	46	0	0	0	0	0	5	141	0	120	0	17	0	0	0	12	0	0	0	0	0	0	102	13	0	0	0	21	16	171	167	0	0	170	0	0	41	0	0	0	0	0	0	0	11	166	0	0	0	0	0	0	0	0	0	0	0	0	0	0	0	0	0	0	93	0	0	0	0	0	0	0	0	0	15	6	5	0	61	153	0	0	0	0	0	0	0	0	0	0	0	94	0	0	0	0	0	60	7	0	0	0	0	0	0	5	0	0	0	0	0	0	0	0	0	40	143	0	0	0	58	0	0	0	0	0	46	0	0	5	0	0	0	0	0	0	0	0	0	0	14	10	0	0	0	0	0	0	0	0	0	0	0	0	0	0	101	0	0	0	0	0	0	0	0	0	0	0	0	17	0	6	18	0	0	0	0	0	0	0	0	0	69	0	0	0	0	0	0	0	0	0	0	0	44	0	0	0	0	0	0	0	0	0	0	0	0	0	0	0	0	0	0	0	61	0	0	0	0	0	0	0	0	0	0	121	0	0	0	0	0	0	0	23	0	0	0	0	0	0	118	0	0	0	0	0	0	0	0	0	0	10	0	91	0	0	0	0	0	0	0	21	0	0	0	0	0	0	0	0	0	0	0	0	0	0	0	0	0	0	0	0	0	0	23	0	0	0	16	0	0	0	0	0	0	0	0	0	0	14	0	0	0	0	91	0	0	0	0	105	0	0	0	0	0	0	0	0	0	0	0	2	0	19	0	0	0	0	0	0	0	0	0	0	0	0	0	50	0	0	0	4	0	0	26	0	0	5	0	0	0	8	0	0	0	0	0	0	0	0	0	83	0	0	5	0
tnt66	0	0	56	0	35072	0	0	114	0	0	0	0	0	0	0	0	380	7	8	0	16	0	0	55	0	4459	0	0	0	0	0	0	0	0	20	246	0	0	0	0	2	0	0	0	329	0	0	602	15	0	0	15	0	1071	978	3	0	0	0	0	0	12	0	0	0	0	0	651	0	0	0	0	0	0	0	0	38	0	0	2197	0	0	0	0	0	0	0	0	0	0	0	0	0	0	0	4	0	0	0	2202	0	528	49	0	0	0	0	0	0	0	14	0	0	0	0	0	0	0	1833	0	0	0	0	0	0	0	0	0	0	0	0	0	0	0	0	0	0	0	0	0	0	0	0	0	0	0	0	15	0	0	0	0	0	0	116	0	0	23	0	0	0	0	0	0	4	0	0	0	0	0	0	0	0	0	0	0	0	0	0	0	5	0	0	0	0	0	0	0	0	0	0	0	0	0	0	0	0	0	0	0	0	0	0	0	0	0	0	0	0	0	0	0	0	0	0	0	0	0	0	0	0	0	0	0	0	0	0	0	0	0	0	0	0	0	0	38	0	0	0	0	0	0	0	0	0	0	0	0	0	0	0	0	0	0	0	0	0	21	0	0	0	0	0	0	0	0	0	0	0	0	0	0	0	0	0	453	0	0	0	0	0	0	0	0	0	0	0	542	0	0	0	0	0	0	12	0	0	0	0	0	0	0	2	0	0	0	0	0	0	0	0	0	0	0	0	17	0	0	0	0	0	0	0	0	472	0	29	0	0	0	0	0	0	0	0	0	0	0	0	0	0	0	0	0	0	0	0	0	0	0	0	0	403	0	0	0	0	0	0	0	0	0	0	0	0	0	0	0	0	0	0	0	0	0	56	0	0	0	0	0	0	0	0	0	0	0	0	0	0	0	0	0	0	0	0	0	0	0	0	0	0	0	0	0	0	0	0	0	0	0	0	0	0	0	0	0	0	0	0	0	0	0	0	0	0	0	0	0	0	0	0	0	0	0	0	0	0	0	0	0	0	0	0	0	0	0	0	0	0	0	0	0	0	0	0	0	0	0	0	13	0	0	0	0	0	0	0	0	0	0	0	0	0	0	0	0	0	0	0	0	0	0	275	0	0	0	0	0	0	0	0	0	0	0	0	0	0	0	0	0	0	0	3	0	0	0	0	0	0	0	0	0	0	0	0	0	0	0	0	0	0	0	0	0	0	0	0	0	0	0	0	27	0	0	0	0	0	0	0	0	0	0	0	0	0	0	0	0	0	0	0	0	0	0	0	0	0	0	0	0	0	0	0	0	0	0	0	0	0	0	0	0	0	0	0	0	0	0	0	0	0	0	0	0	0	0	0	0	0	0	0	0	0	0	0	0	0	0	0	0	0	0	0	0	0	0	0	0	0	0	0	0	0	44	0	0	0	0	0	0	0	0	0	0	0	0	11	0	0	0	0	0	0	0	0	121	10	0	0	156	0	0	0	0	0	0	0	0	0	0	0	0	0	0	0	0	0	0	0	0	0	0	0	0	0	0	0	0	0	0	0	0	0	0	0	0	0	0	0	0	0	0	0	0	0	29	0	0	0	0	0	0	0	0	0	0	0	0	0	0	0	0	0	0	0	0	0	0	0	0	0	0	0	0	0	0	0	0	0	0	0	0	0	0	0	0	0	0	0	0	0	0	0	0	0	0	0	0	0	0	0	0	0	0	0	0	0	0	0	0	0	0	0	0	0	0	0	0	0	0	0	0	0	0	0	0	0	0	0	0	0	0	0	0	0	0	0	0	0	0	0	0	0	0	0	0	0	0	0	0	0	0	0	0	0	0	0	0	0	0	0	0	135	0	0	0	0	0	0	0	0	0	0	0	0	0	0	0	0	0	0	0	0	0	0	0	0	0	0	0	0	0	0	0	0	0	0	0	0	0	0	0	0	0	0	0	0	0	0	0	0	0	0	0	0	0	0	0	0	0	0	0	0	0	0	0	0	0	0	0	0	0	0	0	0	0	0	0	0	0	0	0	0	0	0	0	0	0	0	0	0	0	0	0	0	0	0	0	0	0	0	0	0	0	0	0	0	0	0	0	24	0	0	0	0	0	0	112	0	0	0	0	0	0	0	0	0	0	0	0	0	0	0	0	0	0	0	0	0	0	0	0	0	0	0	107	0	0	0	0	0	0	0	0	0	0	0	0	0	0	0	0	0	0	0	0	0	0	0	0	0	0	0	0	0	0	0	0	0	0	0	0	0	0	0	0	0	0	0	0	0	0	0	0	0	0	0	0	0	0	0	0	0	0	0	0	0	0	0	0	0	0	0	0	0
tnt67	0	0	558	1584	0	0	0	32	0	0	0	0	0	0	0	0	0	0	0	144	0	83	111	0	0	0	0	0	0	0	0	0	0	0	58	21	0	30	0	0	36	0	0	0	0	0	0	0	0	63	0	0	0	0	0	0	0	0	0	23	0	0	0	0	0	0	0	0	0	67	0	0	0	0	0	0	0	0	0	0	0	0	0	0	0	0	0	0	0	0	0	0	0	0	0	22	0	0	0	0	0	0	0	11	0	0	0	0	0	0	0	0	0	7	0	0	0	0	0	0	0	0	0	0	0	32	0	31	0	0	0	0	0	0	0	0	0	0	0	0	0	0	0	1251	0	0	0	0	0	16	0	0	0	0	0	0	0	0	0	0	0	0	0	0	13	0	0	0	14	0	0	0	0	0	0	0	0	0	0	0	0	0	0	0	0	19	0	0	0	0	0	0	0	0	0	0	0	44	0	0	0	0	0	0	0	0	48	0	0	0	0	0	0	0	0	0	0	0	0	0	0	9	0	0	0	33	0	0	0	0	0	32	0	0	0	0	0	0	0	3	0	0	0	0	0	0	0	0	0	0	0	15	0	0	0	0	0	0	0	0	0	0	0	0	0	0	0	0	2	0	0	0	0	3	0	0	0	0	12	0	0	0	0	0	0	0	0	0	0	0	0	0	0	0	0	0	0	0	0	0	0	0	0	0	0	0	0	0	0	0	27	0	0	0	14	0	0	0	0	0	0	0	0	0	0	0	0	0	0	0	15	0	0	0	0	0	0	0	0	0	0	0	0	0	0	0	0	27	35	0	0	0	0	0	0	0	0	0	3	0	0	0	0	0	0	0	0	0	0	0	0	0	0	0	0	0	0	0	0	0	0	0	0	0	0	29	0	0	0	0	0	0	0	0	0	0	0	0	0	0	0	0	0	0	0	8	0	0	0	0	0	0	0	0	0	0	0	0	0	23	0	0	0	0	0	6	0	0	74	0	0	0	0	0	0	0	0	0	0	0	0	0	0	0	0	0	0	0	0	0	0	0	0	0	0	27	0	0	0	0	0	0	0	0	0	0	0	0	0	0	0	0	6	0	0	0	0	0	0	0	0	0	0	12	0	0	0	0	0	0	0	0	0	0	0	0	0	0	0	0	0	0	0	0	0	0	0	0	0	0	0	0	0	17	0	0	0	0	0	0	0	37	0	0	0	0	0	0	2	0	0	0	0	0	0	0	0	0	0	0	0	0	0	0	0	0	0	0	0	0	0	0	0	0	0	0	0	0	0	0	0	0	0	0	0	0	0	0	0	0	0	0	0	0	0	0	0	0	0	0	0	0	0	0	0	0	0	0	0	0	0	0	0	0	0	0	0	0	0	0	0	0	0	0	0	0	0	0	0	0	0	0	0	0	0	0	0	0	0	0	0	0	0	0	0	0	0	0	0	0	0	0	0	0	0	0	0	0	0	0	0	0	0	0	0	0	0	0	0	0	0	0	0	0	0	0	0	0	0	0	0	0	0	0	0	0	0	0	0	11	0	0	0	0	0	0	0	0	0	0	0	0	0	0	0	0	0	0	0	7	0	0	0	0	0	0	0	0	0	0	0	0	3	0	0	0	0	0	0	0	0	0	0	0	0	0	0	0	0	0	0	0	0	0	0	0	0	0	0	0	0	8	0	0	0	0	0	0	0	0	0	0	0	74	0	0	0	0	0	0	0	0	0	0	0	0	0	15	0	0	0	0	0	0	0	0	0	10	0	0	0	0	0	0	0	3	0	0	0	0	0	0	0	22	0	0	0	0	0	0	0	0	0	0	0	0	0	0	0	0	0	0	0	0	0	0	0	4	0	0	0	0	0	0	0	0	0	0	0	0	0	0	0	131	0	0	0	0	0	0	0	0	0	0	0	0	0	0	0	0	0	16	0	0	0	0	0	0	0	0	0	0	0	0	0	13	0	0	0	0	0	0	0	0	0	0	0	0	0	0	0	0	0	0	0	0	0	0	0	0	0	0	0	64	0	0	0	0	0	0	0	0	0	0	0	0	0	0	8	0	0	0	0	0	0	0	0	0	0	0	0	0	0	0	0	0	0	0	0	0	0	0	0	0	0	11	0	0	0	0	0	0	0	0	0	0	0	0	0	0	0	0	0	0	0	0	0	0	0	0	0	0	0	0	0	0	0	0	0	0	0	0	0	0	0	0	0	0	0	0	0	0	0	0	0	0	8	0	0	0	0	0	0	0	0	0	0	0	0	0	0	0	0	0	0	0	0	0	0	0	0	0	88	0	0	0	0	0	0	24	0	0	0	0	0
tnt7	53	0	0	0	0	17	0	0	0	50	210	0	0	0	0	0	57	20	22	0	13	0	0	22	54	26	35	0	195	21	0	114	0	0	64	69	0	0	0	0	0	0	45	0	0	0	0	0	0	0	0	19	0	180	18	0	0	63	0	27	0	0	0	0	0	0	0	0	0	38	0	0	344	0	5	0	0	28	36	0	0	0	0	0	0	0	26	0	0	0	0	0	0	0	0	28	0	0	0	0	0	0	0	23	0	12	0	0	0	0	0	22	20	0	0	0	0	0	0	0	0	0	0	0	0	0	0	0	32	0	0	0	0	10	0	0	0	12	0	0	0	11	0	0	0	0	0	0	0	31	0	0	0	0	0	0	0	0	0	0	0	0	0	14	14	0	0	0	8	0	0	0	0	0	0	0	0	26	0	0	9	0	0	0	33	14	0	14	0	0	0	0	0	0	0	0	0	14	0	8	0	0	0	0	0	0	0	0	20	0	0	0	0	0	0	12	0	0	0	0	370	0	0	0	10	0	0	0	0	0	0	0	0	20	0	0	0	0	0	0	0	0	0	6	0	0	0	0	0	0	4	0	0	0	0	13	0	0	0	0	0	0	0	0	0	0	0	0	0	6	0	0	0	0	20	0	0	0	0	0	0	0	0	0	17	0	0	0	0	0	0	13	0	0	0	0	68	0	3	0	0	0	14	0	0	0	0	0	0	0	0	0	0	0	12	0	0	0	0	0	0	0	0	0	0	0	0	0	0	0	0	0	5	0	6	0	0	0	0	0	0	0	0	0	0	0	22	0	0	0	0	0	0	0	0	0	0	0	0	17	0	0	0	0	0	0	33	0	22	0	0	0	0	0	0	8	0	0	0	0	0	0	0	0	0	24	0	0	0	0	0	0	0	0	0	0	0	0	0	0	0	0	0	0	0	0	0	0	0	0	0	0	0	10	0	0	0	6	0	0	0	0	0	0	0	0	0	0	0	0	0	0	0	0	0	0	9	0	0	21	0	0	0	0	0	0	0	0	0	0	0	0	0	0	0	11	0	0	0	0	0	0	0	0	0	0	0	0	0	0	10	0	0	0	0	0	0	0	28	0	0	0	0	0	3	0	0	0	0	0	0	0	0	0	0	0	0	0	0	0	0	0	0	0	0	0	3	0	6	0	0	0	0	0	0	0	0	0	18	0	0	0	0	0	0	0	0	0	0	0	0	0	0	0	0	0	0	0	0	0	0	0	0	0	0	0	0	0	8	0	0	39	0	0	0	0	0	0	0	0	0	0	0	0	0	0	0	0	0	0	0	0	0	9	16	0	0	0	8	0	0	0	0	0	0	0	0	0	5	0	0	0	0	0	0	0	0	0	0	0	0	0	0	0	0	0	0	0	0	0	0	0	0	0	3	0	0	0	0	0	0	0	0	0	0	0	0	0	0	0	12	44	0	0	0	0	0	0	0	0	0	0	0	0	0	0	0	0	0	0	0	0	0	0	0	0	0	0	0	0	0	0	0	0	0	0	0	0	0	0	0	0	0	0	0	3	0	0	0	0	0	11	0	0	14	0	0	0	0	7	0	0	0	0	0	0	0	13	0	0	0	0	0	0	0	0	0	0	0	0	0	0	0	0	0	0	0	10	0	0	0	0	0	0	0	0	0	0	0	0	0	0	0	0	0	0	0	0	5	0	0	0	0	0	0	0	0	0	0	0	0	0	0	0	0	0	0	0	0	0	0	0	9	0	0	0	0	0	0	0	0	0	0	10	0	0	0	0	0	0	0	0	0	0	0	0	0	0	0	0	0	6	0	0	0	0	0	0	0	0	0	0	0	0	0	0	0	0	0	0	0	0	0	0	0	0	0	0	0	0	0	0	0	0	71	0	0	0	0	0	0	0	0	0	0	0	0	0	0	0	0	0	0	0	0	0	0	0	0	0	0	0	0	0	0	0	0	0	0	0	0	0	0	0	0	0	0	0	0	0	0	0	0	0	0	0	0	0	0	7	0	0	0	0	0	0	0	0	0	0	0	0	0	0	0	17	0	4	0	0	0	0	0	0	0	0	0	0	0	0	0	0	0	0	0	0	0	0	0	0	0	0	0	0	0	0	6	0	0	0	0	8	0	0	0	0	109	0	0	0	0	0	0	0	0	0	0	0	0	0	0	0	0	0	0	0	0	0	0	0	0	12	0	0	0	0	0	0	5	0	0	0	0	12	0	0	0	0	0	0	0	0	0	8	0	0	0	0	9	0	0	0	0	0	0	0	0	0	0	0	0	0	0	0	0	0	0	0	0	0	0	0	0	0	0
tnt77	0	0	1301	1797	0	0	0	398	0	6	0	0	6	0	0	0	0	0	0	277	0	34	276	0	0	0	0	0	0	0	0	0	0	0	77	0	0	0	0	0	33	0	0	0	0	0	0	0	0	171	0	0	0	0	0	0	0	0	0	83	0	0	0	0	0	0	0	0	0	0	0	0	0	0	0	0	0	0	0	0	0	0	81	0	0	0	0	0	0	0	0	0	0	0	0	0	0	0	0	0	0	0	0	0	0	0	0	0	0	0	0	0	33	17	0	0	0	0	0	0	0	0	0	0	0	0	0	0	0	0	0	0	0	0	0	0	0	8	0	0	0	0	0	0	0	0	0	0	0	0	0	0	0	0	0	0	0	0	0	0	0	0	0	0	0	0	0	0	0	0	0	0	0	0	0	0	0	0	0	0	0	0	0	0	0	19	0	0	0	0	0	0	0	3	0	0	0	0	0	5	0	0	0	0	0	0	0	0	0	0	0	0	0	0	16	0	0	0	0	0	0	0	0	0	0	0	0	0	0	0	0	4	0	0	0	0	0	0	0	0	0	0	0	0	0	0	0	0	0	0	0	0	0	0	0	0	0	0	0	0	0	0	0	0	0	0	0	0	0	0	0	0	0	0	0	0	0	0	0	0	0	0	0	0	0	0	8	0	0	0	0	0	0	0	0	0	0	0	0	0	0	0	2	6	0	0	0	0	0	0	0	0	0	0	10	0	0	0	0	0	0	0	0	0	0	0	0	0	0	0	0	0	6	0	0	0	0	0	0	0	0	0	0	0	0	0	0	0	0	0	0	0	0	0	0	0	0	0	0	0	0	0	0	0	4	0	0	0	0	0	0	0	0	0	0	18	0	0	0	0	0	0	0	0	0	0	0	0	0	0	0	0	0	0	0	0	0	0	0	0	0	0	0	0	0	0	0	0	0	0	0	0	0	0	0	0	0	0	0	0	0	0	0	0	0	6	0	0	0	0	0	0	0	0	0	0	0	0	0	0	0	0	0	0	0	0	0	0	0	0	0	0	0	0	0	0	0	0	0	0	0	0	0	0	0	0	0	0	0	0	0	0	0	0	0	0	0	0	0	0	0	0	0	0	0	0	0	0	0	0	0	0	0	0	0	0	0	0	0	0	0	0	0	0	0	0	0	0	0	0	0	0	0	0	0	0	0	0	0	0	0	0	0	0	0	0	0	0	0	0	0	0	0	0	0	0	0	0	0	0	0	0	0	0	0	0	0	0	0	0	0	0	0	0	0	0	0	0	0	0	0	0	0	0	0	0	0	0	0	0	0	0	0	0	0	0	0	0	0	0	0	0	0	0	0	0	0	0	0	0	0	0	0	0	0	0	0	0	0	0	0	0	0	0	0	0	0	0	0	0	0	0	0	0	0	4	0	0	0	0	0	0	0	0	0	0	0	0	0	0	0	0	0	0	0	0	0	0	0	0	0	0	0	0	0	0	0	0	0	0	0	0	0	0	0	0	0	0	0	0	0	0	0	0	0	0	0	0	0	0	0	0	0	0	0	0	0	0	0	0	0	0	0	0	0	0	0	0	0	20	0	0	0	0	0	0	0	0	0	0	0	0	0	0	0	0	5	0	0	0	0	0	0	0	0	0	0	0	0	0	0	0	0	0	0	0	0	0	0	0	0	0	0	0	4	0	0	0	0	0	0	0	0	0	0	0	0	0	0	0	0	0	0	0	0	0	0	0	0	0	0	0	0	0	0	0	0	0	0	0	0	0	0	0	0	0	0	0	0	0	0	0	0	0	0	0	0	0	0	0	0	0	0	0	0	0	0	0	0	0	0	0	0	0	0	0	0	0	0	0	0	0	0	0	0	0	0	0	0	0	0	0	0	0	0	0	0	0	0	0	0	0	0	0	0	0	0	0	0	0	0	0	0	0	0	0	0	0	0	0	0	0	0	0	0	0	0	0	0	0	0	0	0	0	0	0	0	0	0	0	0	0	0	0	0	0	0	0	0	0	0	0	0	0	0	0	0	0	0	0	0	0	0	0	0	0	0	0	0	0	0	0	0	0	0	0	0	0	0	0	0	0	0	0	0	0	0	0	0	0	5	0	0	0	0	0	0	0	0	0	2	0	0	0	0	0	0	0	0	0	0	0	0	0	0	0	0	0	0	0	0	0	0	0	0	0	0	0	0	0	0	0	0	0	0	0	0	0	0	0	0	0	0	0	0	0	0	0	0	0	0	0	0	0	0	0	0	0	0	0	0	0	3	0	0	0	0	0	0	0	0	0	0	0	0	0	0	0	0	0	0	0	0	0	0
tnt78	0	0	570	1464	0	0	0	8	0	12	0	0	0	0	0	0	13	0	0	47	0	0	81	0	0	0	0	0	0	0	0	0	0	0	119	0	4	0	0	0	55	0	0	0	0	0	0	0	0	0	0	0	0	0	0	0	0	0	0	134	0	0	0	0	0	0	0	0	0	0	0	0	0	0	0	0	0	0	0	0	0	0	28	0	0	0	0	0	0	0	0	0	0	0	0	30	0	0	0	0	0	0	0	0	0	0	0	0	0	0	0	0	27	22	0	0	0	0	0	0	0	0	0	0	0	30	0	0	0	0	0	0	0	0	0	0	0	21	0	0	0	0	0	0	0	0	0	0	0	0	0	0	0	0	0	0	0	0	0	0	0	0	0	0	0	0	0	0	0	0	0	0	0	0	0	0	0	0	0	0	0	0	0	0	0	22	0	0	0	0	0	0	0	0	0	0	0	15	0	16	0	0	0	0	0	0	0	0	2	0	0	0	0	0	15	0	0	0	0	0	0	0	0	0	0	23	0	0	0	0	0	20	0	0	0	0	0	0	0	0	0	0	0	0	0	0	0	0	0	0	0	16	0	0	0	0	0	0	0	0	0	0	0	0	0	10	0	0	0	0	0	0	0	0	0	0	0	0	0	0	0	45	0	0	25	0	0	0	0	0	0	0	0	0	0	0	0	0	0	0	0	0	0	0	0	0	0	0	0	0	0	7	0	0	0	0	0	0	0	0	0	0	26	0	0	0	0	0	0	0	0	0	0	0	0	0	0	0	0	0	0	0	0	0	0	0	0	0	0	0	0	0	0	0	0	0	0	0	0	0	0	0	0	411	0	0	0	0	0	0	0	0	0	0	0	6	0	0	0	0	0	0	0	0	0	0	0	0	28	0	27	0	0	0	0	0	0	0	0	0	0	0	0	0	0	0	0	0	0	0	0	0	58	0	0	0	0	0	0	0	5	0	0	0	0	0	0	0	0	0	0	0	0	0	0	0	0	0	0	0	0	0	0	0	0	0	0	0	0	0	0	0	0	0	0	0	0	0	0	0	0	0	0	0	0	0	0	0	0	0	0	0	0	0	0	0	0	0	0	16	0	0	0	0	0	0	0	0	0	0	0	0	0	0	0	0	0	0	0	0	0	0	0	0	0	0	0	0	0	0	0	0	0	0	0	0	0	0	0	0	0	0	0	0	0	0	0	0	0	0	0	0	0	0	0	0	0	0	0	0	0	0	0	0	0	0	0	0	0	0	0	0	0	0	0	0	0	0	0	0	0	0	0	0	0	0	0	0	0	0	0	0	0	0	0	0	0	0	0	0	0	0	0	0	0	0	0	0	0	0	0	0	0	0	0	0	0	0	0	0	0	0	0	0	0	0	0	0	0	0	0	0	0	0	0	0	0	0	0	0	0	0	0	0	0	0	0	0	0	0	0	0	0	0	0	0	0	7	0	0	0	0	0	0	0	0	0	0	0	0	0	0	0	0	0	0	0	0	0	0	0	0	0	0	0	0	0	0	0	0	0	0	0	0	0	9	0	0	0	0	0	0	0	0	0	0	0	0	0	0	0	0	0	0	0	0	4	0	0	0	0	0	0	0	0	73	0	0	0	0	0	0	0	0	0	0	0	0	0	0	0	0	0	0	0	0	0	0	0	0	0	28	0	0	0	0	0	0	0	0	0	0	0	0	0	0	0	0	0	0	0	0	0	0	0	0	0	0	0	0	0	0	0	0	0	0	0	0	0	0	0	0	0	0	0	0	0	0	0	0	0	0	0	0	0	0	0	0	0	0	0	0	0	0	0	0	0	0	0	0	0	0	0	0	0	0	0	0	0	134	0	23	0	0	0	0	0	0	0	0	0	0	0	0	0	0	0	0	0	24	0	0	0	0	0	0	0	0	0	0	0	0	0	0	0	0	0	0	0	0	0	0	0	0	0	0	0	0	0	0	0	0	0	0	0	0	0	0	0	0	0	0	0	0	0	0	0	6	0	0	13	0	0	0	0	0	0	0	0	0	0	0	0	0	0	0	0	0	0	0	0	0	0	0	0	0	0	0	0	0	0	0	0	0	0	0	0	0	0	12	20	0	0	0	0	0	0	0	0	0	0	0	0	0	0	0	0	0	0	0	0	0	0	0	0	0	0	0	0	0	0	0	0	0	0	0	0	0	0	0	0	0	0	33	0	0	0	0	0	0	0	0	0	0	0	0	0	0	23	0	0	0	0	0	0	0	0	0	0	0	0	0	0	0	0	0	0	0	0	0	0	0	0	0	0	0	0	0	0	0	0	0	0	0	0
tnt79	0	0	3148	1569	0	0	0	1259	0	0	0	10	0	0	0	23	0	0	0	54	0	0	571	0	0	0	0	0	0	0	0	0	0	0	95	14	0	45	0	0	11	14	0	0	0	0	0	0	0	85	0	0	384	0	0	0	0	0	0	9	0	0	0	0	0	0	0	0	0	0	0	0	0	0	0	0	0	0	0	0	0	0	0	0	0	0	0	0	0	166	0	0	0	0	0	0	0	0	0	0	0	0	0	7	0	0	0	0	0	0	0	0	159	9	0	0	0	0	0	0	0	0	0	0	0	11	0	13	0	0	0	0	0	0	0	0	0	0	0	0	2	0	0	0	0	0	0	0	0	0	0	0	0	0	0	60	0	0	0	0	0	0	0	0	4	0	0	0	5	0	0	0	0	0	0	0	0	0	0	0	0	0	0	0	0	13	0	0	0	0	0	0	0	0	0	0	0	9	0	19	0	0	0	0	0	0	0	0	0	0	0	0	0	0	12	0	0	0	0	0	0	3	0	0	0	16	0	0	0	0	0	3	0	0	0	0	0	0	0	0	0	0	0	0	0	0	0	0	0	0	3	0	0	0	0	0	0	0	0	0	0	0	0	0	0	0	0	0	0	0	0	0	0	0	0	0	0	0	0	0	0	0	0	0	9	0	0	0	0	0	0	0	0	0	0	0	0	0	0	0	0	0	0	0	0	8	0	0	0	0	0	19	0	0	0	0	0	0	0	0	0	0	0	5	0	0	0	0	0	0	55	0	6	0	0	0	0	0	0	0	0	0	0	0	0	0	0	4	0	0	0	0	0	0	0	0	0	0	0	0	0	0	0	0	0	0	0	0	0	0	0	0	0	22	0	0	0	0	0	3	0	0	0	0	0	0	0	0	0	0	0	0	0	0	0	0	9	0	0	0	0	0	0	0	0	0	0	0	0	0	0	0	0	0	0	0	0	0	0	0	0	0	0	0	0	0	0	0	0	0	0	0	0	0	0	0	0	0	0	0	0	0	0	0	0	0	0	0	0	0	0	0	0	0	0	0	0	0	0	0	0	0	0	0	0	0	0	0	0	0	0	0	0	0	0	0	0	0	0	0	0	0	0	0	0	0	0	0	0	0	0	0	0	0	0	0	0	0	0	0	0	0	0	0	0	0	0	0	0	0	0	0	0	0	0	0	0	0	0	0	0	0	0	0	0	0	0	6	0	0	0	0	0	0	0	0	0	0	0	0	0	0	0	0	0	0	0	0	0	0	0	0	0	0	0	0	5	0	0	0	0	0	0	0	0	0	0	0	0	0	0	0	0	0	0	0	0	0	0	0	0	0	0	0	0	0	0	0	0	0	0	0	0	0	0	0	0	0	0	0	0	0	0	0	0	0	0	0	0	0	0	0	0	0	0	0	0	0	0	0	0	0	0	0	0	0	0	0	0	0	0	0	0	0	0	0	0	0	0	0	0	0	0	0	0	0	0	0	106	0	0	0	0	0	0	0	0	0	0	0	0	0	0	0	0	0	0	0	0	0	0	0	0	0	0	0	0	0	0	0	0	0	0	0	0	0	0	0	0	0	0	0	0	0	0	0	0	0	0	0	0	0	0	0	0	0	0	7	0	0	0	0	0	0	0	0	0	0	0	0	0	0	0	0	0	0	0	0	0	0	0	0	0	0	0	0	0	0	0	0	0	0	0	0	0	0	0	0	0	0	0	0	0	0	0	0	0	0	0	45	0	0	0	0	0	0	0	0	0	0	0	0	0	0	0	0	0	0	0	0	0	0	0	0	0	0	0	0	0	0	0	0	0	0	0	0	0	0	0	0	0	0	0	0	0	0	0	6	0	0	0	0	0	0	0	0	0	0	0	0	0	0	0	0	0	0	0	0	0	9	0	0	0	0	0	0	0	0	0	0	0	0	9	0	0	0	0	0	0	0	0	0	0	0	0	0	0	0	0	0	0	0	0	0	0	0	0	0	0	0	0	0	0	0	0	0	0	0	0	0	0	0	0	0	0	0	0	0	0	0	0	0	0	0	0	0	0	0	0	0	0	0	0	0	0	2	0	0	0	0	0	0	0	0	0	0	0	0	0	0	0	0	0	0	3	0	0	0	0	0	0	0	0	0	0	0	0	0	0	0	0	0	0	0	0	0	0	0	0	0	0	0	0	0	0	0	0	0	0	0	0	0	0	0	0	0	0	0	0	0	0	0	0	0	0	0	0	0	0	0	0	0	0	0	0	0	0	0	0	0	0	0	0	0	0	0	0	0	0	0	0	0	0	0	0	0	0	0	0	0	0	0	0	0	0
tnt8	15210	6438	0	0	0	0	0	0	2544	0	0	0	0	0	0	0	0	0	0	0	0	0	0	0	0	0	0	0	216	4	0	0	0	0	520	81	0	0	558	0	0	0	0	0	0	0	392	0	0	0	0	0	0	0	0	0	0	0	0	22	0	0	1711	0	0	0	0	0	0	0	0	0	0	0	0	0	0	0	0	41	0	0	0	0	0	262	4	1619	0	0	0	0	0	0	0	0	0	0	0	0	0	0	0	163	0	0	0	0	0	655	0	0	13	0	0	0	0	0	0	0	0	509	0	0	0	91	0	0	0	0	0	0	0	29	0	0	0	30	0	0	0	0	0	0	0	0	0	0	0	0	0	0	0	0	0	0	0	0	0	0	0	0	0	135	0	0	0	0	6	0	0	0	0	0	0	0	0	0	0	0	47	0	537	0	0	100	0	0	0	0	0	0	0	51	0	27	0	0	0	0	0	0	0	0	0	0	0	0	50	0	0	0	0	0	38	0	0	0	0	0	0	0	0	0	20	8	0	0	0	0	0	54	0	0	0	0	0	0	0	42	0	0	199	0	0	0	0	0	0	0	49	14	0	0	4	0	0	0	55	0	0	0	33	0	0	0	0	0	0	71	0	0	0	55	0	0	0	10	26	0	0	0	0	0	3	0	0	0	29	0	0	51	0	0	0	0	0	0	57	0	0	112	59	0	0	0	0	74	0	0	54	53	0	0	0	0	0	0	0	0	0	0	12	0	0	0	0	0	0	0	0	42	0	0	0	0	0	0	0	0	0	0	0	0	0	0	0	0	0	0	0	0	0	0	0	0	0	0	0	0	0	0	0	0	55	0	0	58	0	0	0	0	0	0	0	0	0	0	0	0	0	0	0	0	9	0	204	0	0	31	0	109	0	0	0	0	56	0	0	0	0	0	0	0	0	0	242	52	0	0	0	0	0	25	0	48	0	0	0	0	54	0	0	0	0	24	0	0	0	0	0	0	0	34	0	0	0	0	0	0	0	0	0	0	0	0	0	0	0	0	0	0	0	0	5	0	0	0	0	0	0	0	0	0	0	0	0	0	0	0	0	0	0	0	0	0	138	0	25	0	0	0	0	22	12	0	0	223	0	19	0	0	16	0	0	0	0	0	0	0	0	9	0	0	0	0	16	0	0	0	0	0	16	0	0	0	0	0	0	0	23	0	0	0	0	0	0	27	28	16	0	0	0	0	0	0	0	0	0	0	0	0	0	0	0	0	10	212	0	102	8	13	0	0	0	0	0	0	0	0	0	0	0	0	0	0	0	0	0	0	0	0	0	0	0	0	0	0	0	0	0	0	0	0	0	0	0	0	0	0	0	0	0	14	0	0	0	0	0	14	0	0	0	0	0	0	0	0	0	0	0	0	4	0	27	0	0	0	0	0	0	0	0	0	0	0	0	63	0	0	0	0	0	0	0	0	0	0	0	0	0	0	0	0	0	0	0	0	0	0	0	0	0	0	0	3	0	0	0	0	0	0	0	0	0	0	0	0	0	0	0	0	0	122	0	0	0	0	0	0	5	0	0	0	0	0	0	0	0	0	12	0	0	0	0	0	0	0	0	0	0	0	0	0	8	0	17	0	0	0	0	0	0	0	3	0	0	0	0	0	0	0	0	0	0	0	10	0	0	0	18	0	0	0	11	0	0	0	9	0	0	0	0	0	35	0	0	0	0	0	0	0	0	0	0	0	0	0	0	0	0	0	8	0	0	0	14	0	0	0	11	0	0	12	0	0	0	0	0	0	0	0	0	0	10	0	0	0	0	0	0	43	8	0	0	0	0	0	0	0	0	0	0	0	0	0	0	3	0	0	0	0	0	14	0	0	34	0	4	0	11	0	0	0	0	0	0	0	0	6	0	0	0	0	128	0	0	0	0	0	0	0	0	0	0	0	0	0	0	0	11	13	0	0	0	0	0	0	0	0	0	0	0	0	0	0	0	0	0	0	0	0	0	0	0	0	0	0	0	0	0	0	0	0	0	23	0	0	0	0	0	0	0	0	0	0	0	0	11	0	0	0	0	0	21	0	0	0	0	12	0	0	0	0	6	0	0	0	0	0	0	111	0	0	0	0	0	0	0	0	0	0	0	0	0	0	0	0	0	0	0	0	0	0	0	0	0	0	0	0	0	0	0	0	0	0	0	0	0	105	0	0	0	0	0	23	0	0	0	0	0	0	0	0	0	0	0	0	0	0	12	0	0	0	0	0	0	0	0	0	0	0	0	0	0	0	0	0	0	0	0	0	0	0	0	0	0	0	0	0	0	0	7	0	0
tnt80	15	0	0	0	0	0	12935	0	0	0	0	0	10	0	0	0	0	0	0	0	0	0	0	0	0	7	0	0	0	0	4	0	0	0	84	0	0	303	0	0	42	0	0	0	0	0	17	59	0	0	0	77	0	0	0	0	0	214	0	49	0	0	0	0	0	0	0	0	38	450	0	0	0	0	0	0	0	0	0	0	0	0	0	0	0	0	7	0	0	0	0	0	0	0	0	261	0	0	0	0	0	0	0	8	0	0	0	0	0	0	75	0	0	0	0	0	0	0	0	0	0	0	0	0	0	65	0	249	0	0	0	0	0	0	0	0	0	0	18	0	0	0	0	0	0	0	0	0	109	106	0	0	0	0	0	0	0	0	0	0	124	0	0	0	204	82	0	0	191	0	0	0	0	0	0	0	0	20	0	0	0	6	0	0	27	16	0	169	0	0	0	4	0	0	0	0	0	226	0	14	0	0	0	0	0	29	105	0	0	0	0	0	0	0	25	0	0	89	0	0	6	218	0	41	0	0	0	0	0	0	0	44	0	63	0	0	0	0	0	26	0	0	0	0	170	0	0	0	0	0	0	59	8	0	0	54	0	0	0	5	0	0	0	0	0	0	0	0	0	0	60	0	0	0	0	0	0	0	62	61	0	46	23	0	0	0	144	0	7	0	0	0	88	103	5	0	28	0	0	0	28	0	0	0	0	0	24	5	0	0	0	0	0	0	0	0	0	0	0	0	0	5	50	0	0	0	0	0	0	0	0	0	23	0	61	0	0	0	0	0	0	0	0	0	0	0	0	0	0	0	0	0	0	8	0	0	0	0	0	0	0	0	0	0	0	0	0	14	35	36	0	0	0	86	0	9	76	0	0	0	0	0	0	0	0	41	0	0	0	0	12	0	0	0	0	0	0	70	0	0	0	0	0	0	0	45	0	0	0	0	52	30	0	0	0	0	0	0	0	70	0	0	0	19	0	0	0	56	0	0	0	0	0	0	0	0	0	0	0	14	0	0	0	0	0	44	0	0	0	0	0	0	0	0	0	0	0	0	0	0	0	0	0	56	0	0	0	0	0	27	0	50	41	0	0	0	0	0	0	41	0	0	0	31	0	0	167	0	0	0	0	0	0	0	0	0	0	0	0	0	0	0	52	0	0	0	0	0	0	16	0	0	0	71	40	0	0	0	18	0	0	80	0	0	0	53	0	0	0	0	0	0	0	0	0	0	0	0	0	0	0	0	9	0	71	0	6	0	43	0	44	0	0	0	0	0	0	9	0	0	0	36	0	0	0	0	0	0	0	0	0	0	0	0	38	0	0	0	37	0	29	0	0	7	0	0	0	0	0	0	36	60	0	0	0	0	0	0	0	0	0	0	0	0	0	54	0	0	0	0	29	0	19	0	16	35	0	0	0	94	0	0	36	0	0	0	0	0	57	0	0	0	0	0	0	0	0	0	0	0	0	54	0	0	7	9	53	39	0	0	0	0	74	30	0	5	0	0	0	0	0	0	0	54	0	0	0	44	0	5	0	0	0	0	29	52	0	0	0	0	0	0	0	0	14	0	0	0	0	10	0	0	0	0	0	0	0	31	0	30	0	44	13	106	0	0	0	0	45	0	0	11	38	0	0	0	0	43	9	0	0	0	0	0	0	6	0	0	0	0	0	0	11	0	0	26	19	28	0	73	0	32	39	0	0	0	0	0	0	17	19	48	0	0	0	11	0	5	0	0	13	18	0	21	0	0	0	26	0	0	0	0	0	0	0	0	0	12	0	27	10	0	0	0	0	21	0	12	0	0	0	0	0	9	0	0	0	21	23	18	14	0	0	0	0	0	0	0	0	0	9	0	0	0	0	0	0	0	0	0	0	0	0	0	0	24	0	0	0	0	52	0	0	0	0	0	0	0	0	0	29	17	16	0	0	73	0	0	0	0	4	0	0	0	0	10	0	0	59	60	0	0	49	0	0	0	0	0	0	0	0	0	0	0	0	0	0	36	0	24	0	0	0	0	0	0	0	0	0	0	43	0	27	0	0	0	0	11	19	0	0	41	0	0	0	18	0	0	0	0	0	35	0	0	0	0	0	0	0	0	0	0	0	0	0	49	0	0	0	0	0	0	0	0	38	0	0	0	0	0	0	72	8	0	0	0	9	0	0	0	0	0	0	0	0	0	0	0	0	0	6	6	0	0	0	30	0	55	0	11	0	0	0	0	0	0	55	26	0	0	42	30	22	0	0	0	0	0	20	0	0	21	0	0	0	81	0	0	0	0	0	0	0	0	0	0	0	0	0	60	0	0	0	0	19
tnt85	3116	500	0	0	0	0	0	0	0	0	0	0	63	0	0	0	0	0	0	0	0	0	0	0	0	0	0	0	136	0	0	0	0	0	100	35	3	93	0	0	0	0	0	3398	0	43	101	0	0	0	0	34	0	0	0	0	0	476	0	4	0	0	1000	0	0	7	0	0	98	122	0	0	0	0	0	0	0	0	0	0	0	0	0	0	0	1225	3	306	0	0	0	0	0	0	0	90	0	0	0	0	0	0	0	36	0	0	0	0	0	527	37	0	0	181	0	0	0	0	0	0	0	0	0	0	0	42	0	114	0	0	0	0	0	17	0	0	0	16	8	0	0	0	0	0	0	0	0	0	28	49	25	0	0	103	0	0	0	0	0	0	67	0	0	15	124	60	0	0	45	0	27	0	0	0	0	0	0	93	0	12	22	0	0	0	46	24	0	35	0	0	0	0	0	0	0	0	0	64	0	163	0	0	0	0	0	0	52	0	14	0	0	0	0	0	0	0	0	84	16	0	0	46	0	52	15	0	0	0	0	0	0	24	0	130	0	0	0	0	0	72	0	0	0	18	61	0	0	0	40	0	11	0	101	0	0	0	0	0	214	0	0	0	0	0	0	0	0	0	0	10	31	0	7	29	49	0	0	0	19	18	0	0	117	34	9	0	42	0	8	0	0	6	0	0	0	0	28	0	36	0	64	0	11	0	0	0	8	41	0	0	0	17	0	0	0	0	0	437	0	151	19	0	8	0	0	0	0	0	0	170	30	0	53	0	13	0	0	0	0	0	0	8	0	0	18	0	0	0	0	0	43	0	0	80	0	0	0	0	0	0	0	0	0	0	0	0	0	15	12	0	0	0	0	30	78	4	0	0	0	127	0	0	65	0	9	0	42	0	0	0	0	0	0	0	0	0	0	0	0	0	0	0	0	0	0	13	0	0	0	0	9	83	4	0	0	72	0	0	0	14	6	0	0	48	17	0	0	0	0	0	0	0	0	0	0	0	47	0	0	20	0	0	0	0	0	38	0	0	0	0	0	33	0	0	0	0	0	0	0	0	0	0	0	53	0	0	0	0	0	34	0	0	17	0	0	0	0	0	0	0	0	0	0	59	0	0	0	0	0	0	0	28	17	0	0	0	168	0	0	0	0	0	0	0	0	0	0	0	0	0	0	0	24	0	15	0	0	0	0	0	0	0	0	0	0	0	29	0	0	0	0	0	0	0	0	0	69	0	0	0	0	0	0	0	18	0	17	0	22	0	17	0	0	0	0	5	0	20	0	0	0	13	0	0	0	34	0	0	0	0	0	0	0	0	0	0	0	15	14	0	0	0	0	0	0	0	0	0	0	0	0	24	0	0	0	0	0	0	0	24	0	0	0	0	0	18	0	0	0	0	0	0	40	0	0	0	0	0	0	0	0	0	0	18	0	0	20	0	31	103	0	0	0	0	0	0	0	0	0	0	0	47	0	0	0	27	15	0	0	0	0	0	21	26	0	44	0	0	0	0	0	0	0	0	0	58	109	39	0	0	0	0	0	9	0	20	0	0	0	0	0	40	0	16	7	0	0	0	0	0	0	0	11	0	0	0	17	6	0	45	0	0	7	0	81	0	19	35	0	0	0	28	0	0	0	0	24	0	0	0	0	0	0	0	26	66	0	0	0	0	0	0	27	0	0	47	0	35	0	0	0	0	0	0	10	0	0	0	0	0	5	17	0	0	9	0	135	0	0	0	5	7	11	14	0	0	0	6	0	0	0	0	0	0	32	0	23	11	0	25	0	0	0	0	0	0	0	0	0	0	22	0	0	0	0	0	0	0	0	0	0	0	0	0	0	0	50	0	0	0	35	0	35	7	0	0	0	0	10	24	7	0	0	0	0	0	0	0	0	0	0	0	0	0	0	10	0	18	0	0	12	0	15	0	0	0	7	0	0	0	17	10	52	0	0	0	0	0	0	0	0	24	0	0	0	0	0	0	0	0	0	0	0	0	0	96	21	17	9	18	0	0	0	0	3	0	7	0	0	0	0	0	0	0	99	0	16	9	0	5	0	0	0	0	0	0	0	0	0	20	0	0	39	0	0	37	0	0	13	0	0	0	18	0	0	0	17	0	0	22	31	16	12	0	0	0	0	0	0	0	47	0	26	0	0	0	0	25	0	0	0	57	0	0	0	0	13	0	0	0	22	16	0	0	0	0	0	0	9	0	0	0	0	15	0	0	0	30	0	0	0	45	0	0	0	0	0	0	0	37	0	0	0	0	0	0	0	0	0	0	0	0	0	0	0	0	0	0	0	0	0	0	0	0	0
tnt88	2356	0	0	0	0	0	0	0	77	0	0	0	0	0	0	0	0	0	0	0	0	0	0	0	0	28	15	0	16	21	0	13	0	0	75	62	0	59	0	0	0	0	0	0	0	17	0	0	0	0	0	12	0	8	0	0	0	709	0	42	0	0	0	0	0	7	0	0	302	102	0	10	0	6	11	0	14	0	25	0	0	0	0	0	0	0	0	0	0	0	12	0	6	0	0	56	0	0	0	0	0	0	0	13	0	0	0	0	0	0	0	0	0	0	20	12	0	0	0	0	0	0	0	16	0	21	0	62	0	0	0	0	0	20	0	0	0	16	0	0	0	18	0	0	0	0	0	0	41	69	0	0	0	732	0	0	0	0	0	0	60	0	0	0	44	83	0	0	15	0	0	0	0	0	0	0	130	11	0	0	19	0	11	0	72	0	31	43	0	0	0	0	0	0	0	0	0	43	0	34	0	0	0	0	0	0	35	0	0	0	0	0	0	0	17	7	0	41	0	0	0	38	0	42	8	0	0	0	0	0	0	19	0	37	0	0	0	26	0	56	0	0	0	0	0	0	0	0	28	0	3	0	25	0	0	20	0	0	0	112	0	0	0	0	0	0	0	0	0	5	0	0	0	19	37	0	0	0	22	54	0	16	54	0	0	0	26	0	5	0	0	5	29	31	0	0	44	7	6	0	51	48	0	0	0	0	0	31	0	0	0	0	0	0	0	0	0	0	0	0	0	8	0	0	0	5	48	0	0	0	0	0	31	0	0	0	0	0	0	0	0	0	0	0	0	0	0	67	0	0	0	0	0	19	0	0	0	4	0	0	0	0	0	0	9	0	0	0	0	58	0	0	0	0	0	0	21	0	0	0	0	0	32	0	0	0	0	0	0	0	0	0	0	6	0	0	0	40	0	0	0	0	0	0	0	21	0	0	0	0	0	30	0	0	0	0	0	0	0	18	0	0	0	0	15	0	0	0	0	0	19	0	0	0	0	0	0	9	0	0	0	0	0	0	0	38	0	0	0	0	0	0	0	0	0	0	0	0	0	0	0	0	0	17	0	0	0	0	0	0	13	29	19	0	0	0	0	0	0	0	0	0	0	0	0	0	35	0	0	0	0	29	13	0	0	0	0	0	0	0	0	0	0	0	0	0	0	0	0	0	0	0	0	0	0	0	0	0	0	0	0	29	0	0	0	9	168	0	0	0	0	0	0	0	0	0	0	0	0	0	0	0	10	0	0	0	14	0	0	0	0	0	0	228	5	0	0	11	0	0	0	30	0	0	0	0	0	0	13	0	0	0	0	0	0	0	21	14	0	0	29	0	166	0	0	0	0	0	0	0	0	31	0	0	0	0	0	0	0	13	0	0	0	0	0	13	0	0	0	0	0	0	0	0	0	25	0	0	0	0	0	0	0	47	0	0	0	0	0	0	0	0	0	0	0	0	7	0	0	0	0	0	0	0	0	14	16	16	0	0	0	0	0	23	0	15	0	0	0	0	0	30	0	0	10	0	0	0	0	0	0	0	0	0	0	8	0	0	0	0	0	0	0	0	0	0	0	0	0	0	0	0	0	0	0	0	0	17	0	0	11	10	18	0	0	0	0	0	0	0	0	0	0	0	0	0	0	6	0	0	0	0	0	0	0	0	0	0	0	5	0	0	0	7	0	0	30	0	0	0	0	0	20	0	9	0	0	0	0	11	0	0	0	0	0	0	0	0	0	0	0	18	0	16	0	0	0	14	0	0	0	0	0	0	0	0	18	0	0	7	0	0	0	0	4	0	7	0	0	0	0	0	0	25	0	0	0	0	0	12	0	0	0	0	22	0	7	0	0	0	11	0	21	0	0	0	0	0	0	0	11	0	0	0	0	0	0	0	32	0	0	0	0	0	0	0	0	0	13	9	6	0	12	0	0	0	0	0	15	0	3	0	0	0	0	0	0	0	0	0	0	0	13	0	0	0	0	0	0	0	0	0	0	0	0	0	0	6	0	0	0	0	0	0	0	0	0	0	0	0	0	0	16	0	0	0	25	18	0	0	11	42	0	0	0	9	84	0	0	0	0	0	0	0	0	28	0	0	7	0	0	0	18	0	0	0	0	23	0	9	13	0	0	0	26	0	0	0	99	0	25	0	0	0	0	0	0	10	0	0	0	0	18	0	13	0	0	0	0	0	0	16	0	0	0	0	0	0	0	0	0	0	0	0	0	0	0	0	0	0	0	0	0	0	0	0	0	0	0	0	0	4	33	0	0	0	0	0	0	0	0	0	0	0	33	0	0	0	0	0	0	0	0	0	25
tnt93	0	37	0	0	0	0	0	0	0	0	0	0	0	0	0	0	0	0	0	0	0	0	0	0	0	0	0	0	75	5	0	0	0	0	45	0	0	0	0	0	0	0	0	0	0	0	39	0	0	0	0	0	0	0	0	0	0	0	0	27	0	0	0	7	0	0	0	0	0	8	0	0	0	0	0	0	0	0	0	0	0	0	0	0	0	0	0	0	0	0	0	0	0	0	0	32	0	0	0	0	0	0	0	6	0	0	0	0	0	0	0	0	0	0	0	0	0	0	0	0	0	0	0	0	0	0	0	20	0	0	0	0	0	0	0	0	0	7	0	0	0	0	0	0	0	0	0	0	0	0	0	0	0	0	0	0	0	0	0	0	0	0	0	0	8	0	0	0	0	0	0	0	0	0	0	0	0	4	0	0	0	0	0	0	0	0	0	0	0	0	0	0	0	0	0	0	0	0	0	0	0	0	0	0	0	0	0	0	0	0	0	0	0	0	0	0	0	0	0	0	0	8	0	0	0	0	0	0	0	0	0	0	0	0	0	0	0	0	0	7	0	0	0	0	0	0	0	0	0	0	5	0	0	0	0	0	0	0	0	0	0	0	0	0	0	0	0	0	0	0	15	0	0	0	0	0	0	0	0	0	0	0	0	0	9	0	0	0	7	0	0	0	0	0	0	0	0	0	3	0	0	0	4	0	0	0	10	0	0	0	0	19	0	0	0	0	0	0	0	0	0	0	0	0	0	0	0	0	0	0	0	0	0	0	5	0	0	0	0	0	0	0	0	0	0	0	0	0	0	0	0	0	0	0	0	0	0	0	0	6	0	0	0	0	0	0	0	0	0	0	0	0	0	0	0	10	0	0	0	0	0	0	0	0	6	0	0	0	0	0	10	0	0	0	0	0	0	0	0	0	0	0	0	0	0	0	0	13	0	0	0	0	0	0	0	0	0	0	0	0	0	0	0	0	0	0	0	0	0	0	0	0	0	0	0	0	20	0	0	0	0	0	0	0	0	0	0	0	0	0	0	0	0	0	0	0	0	0	0	0	0	0	0	0	0	0	0	0	0	0	0	0	0	0	0	0	0	0	9	0	0	0	0	0	0	0	0	0	0	0	0	0	0	0	0	0	0	0	0	0	0	0	0	0	0	0	0	0	0	0	0	0	0	0	0	0	0	0	0	0	0	0	0	0	0	0	0	13	0	0	0	0	0	0	0	0	0	0	0	0	0	0	0	0	0	0	0	0	0	0	0	0	0	0	0	0	0	0	0	0	0	0	0	0	0	0	0	0	0	0	0	0	0	0	0	0	0	0	0	0	0	0	0	0	0	0	0	0	0	0	0	0	0	0	0	0	0	0	0	5	0	0	0	0	0	0	0	0	0	0	0	0	0	0	0	0	0	0	0	0	0	0	0	0	7	0	0	0	0	0	0	0	0	0	0	0	0	0	0	0	0	0	0	0	0	0	0	0	0	0	0	0	0	0	0	0	0	0	0	0	0	0	0	0	0	0	0	0	0	0	0	0	0	0	0	0	0	0	0	0	0	0	0	0	0	0	0	0	0	0	0	4	0	0	0	0	0	0	0	0	0	0	0	0	0	0	0	0	0	0	0	0	0	0	0	0	0	0	0	0	0	0	0	0	8	0	3	0	0	0	0	0	0	5	0	0	0	0	0	0	0	0	0	0	0	0	0	0	0	0	0	0	0	0	0	0	0	0	0	0	0	0	0	0	0	0	0	0	0	0	0	0	0	0	0	0	0	0	0	0	0	0	0	0	0	0	0	0	0	0	0	0	0	0	0	0	0	0	3	0	0	0	0	0	0	0	0	0	0	0	0	0	0	0	0	0	0	0	0	0	0	0	0	0	0	0	0	0	0	0	0	0	0	0	0	0	0	0	0	0	3	0	0	0	0	0	0	0	0	0	0	0	0	0	0	0	5	0	0	0	0	0	0	0	0	0	0	0	0	0	0	0	0	0	0	0	0	0	0	0	0	0	0	0	0	0	0	0	0	0	0	0	0	0	0	0	0	0	0	0	0	0	0	0	0	0	0	0	0	0	0	0	0	0	0	0	0	0	0	0	0	0	0	0	0	0	0	0	0	0	0	0	0	0	0	0	0	0	0	0	0	0	0	0	0	0	0	0	0	0	0	0	0	0	0	0	0	0	0	0	0	0	0	0	0	0	0	0	3	0	0	0	0	0	0	0	0	0	0	0	0	0	0	0	0	0	0	0	0	0	0	0	0	0	0	0	0	0	0	0	0	0	0	0	0	0	0	0	0	0	0	0	0	0	0